203
tr|A0A0R4IKR9|A0A0R4IKR9_DANRE 0.0000000 0.6399069 1.0961670 1.5706709 1.1859390 1.4998627 1.8909758 1.9677303 1.5853558 1.9052750 1.9062577 1.5577234 0.5953298 1.8239826 0.5744997 1.9586830 1.8054776 1.9142026 1.8695549 1.7262799 1.8783498 1.8941038 1.1149741 1.5693491 1.0932241 1.5273729 1.9280811 1.1226741 1.6288804 1.8765514 1.8724643 1.9960892 2.0025386 1.7307151 1.5645519 2.1434850 2.0388572 1.8800144 1.7464306 1.9104311 1.6363285 1.9441144 1.5405412 1.8806625 0.5969056 1.8638006 1.5423007 1.8864388 1.9058489 1.6625627 1.6881639 1.9206868 0.6505606 1.9490287 1.7199661 1.8786471 1.8546117 1.7147081 2.1392823 1.3396348 1.8812551 1.6325750 1.2491321 0.9803641 1.4289782 1.6304509 0.5613882 0.6217589 1.6972932 0.5698307 1.6934995 1.6095627 1.9129259 1.3782857 1.8280009 1.7293011 1.8201672 1.8659567 1.6782568 1.8345663 1.8157879 1.6956503 1.8584375 1.7147081 1.8953576 1.6336834 1.9020417 1.9428213 1.8469635 1.8732040 1.8269224 1.6635736 1.8989299 1.8966980 1.1198524 1.5658741 1.5705863 1.4409884 1.5439015 1.5256189 0.3244795 0.5276989 1.7174872 1.7264383 1.6921778 0.6834817 1.5352899 0.5901863 1.8567514 1.8836167 1.7147081 1.8771911 1.8931729 1.7346931 1.7788131 1.7096094 1.3628509 1.6271277 1.3365852 1.8855686 1.0256345 1.4383949 1.1086112 1.9104563 1.5935617 1.5497762 1.3410528 1.9215983 1.3591403 1.7965333 1.7801481 1.2925653 1.3192164 1.7789350 1.3186344 1.7570353 1.3354244 1.3526615 1.8513365 1.1412820 1.3633441 1.7296476 1.3573820 1.1969001 1.5817746 1.5557600 1.8998174 1.0165820 1.7273255 1.3424685 1.7514856 1.3644819 1.9363879 1.8521509 2.0239091 1.7612484 0.5406960 1.8408202 1.1414300 1.1422150 1.4562782 1.4510992 1.9747525 1.5492161 1.6520315 1.3810793 1.0100465 1.8705655 1.5858522 2.0150197 1.1873632 1.5784083 1.8955427 1.9831580 0.6632922 0.5497170 1.5272616 0.6435225 0.4083392 1.7155169 1.8704072 1.8426066 1.8852508 1.6590916 1.8605111 1.7307151 1.8486586 1.9860679 1.8264776 1.9279943 0.5547101 1.7419817 0.6507037 1.6192238 1.9028435 1.8901765 1.8878709 1.8650239 1.8724503 1.9729758 1.8375813 1.9369134 1.6643036 
tr|E7FF79|E7FF79_DANRE         0.6399069 0.0000000 1.0351991 1.7225612 1.2966673 1.5536343 1.7135663 2.1455392 1.5437757 1.7446284 2.1339406 1.5669917 0.3916219 1.8574069 0.6693323 2.1733212 2.0047774 2.1081045 2.0637479 1.7210664 1.8153741 1.7240846 1.1594784 1.7204397 1.0330178 1.5880548 1.8656124 1.0658436 1.6993963 2.1613276 2.1340642 1.9358280 2.2314396 1.7212643 1.5141645 2.1489247 2.1985870 1.8100343 1.8160422 2.1263536 1.5844142 2.1003271 1.5641494 1.9458899 0.6279205 1.8662033 1.5703419 1.8556671 2.1342497 1.6737165 1.7611178 2.0442215 0.4704910 2.1931637 1.7292187 1.8176462 2.0561913 1.7097592 2.1578967 1.3469905 2.1558926 1.7508194 1.2229626 0.9434053 1.5226710 1.6022287 0.6645680 0.3867752 1.7687346 0.6358648 1.6439852 1.5232762 1.7745170 1.4720169 1.6587594 1.7269640 2.0412712 1.8553407 1.7043099 1.8383720 2.0747043 1.7215323 2.1012354 1.7097592 2.1111167 1.7366504 1.8171882 2.2744204 1.8519967 1.8728838 1.7469859 1.6833365 2.1118005 1.7790413 1.0133163 1.5567314 1.6263301 1.5900109 1.5395750 1.3590378 0.4363664 0.2628388 1.7744729 1.7178564 1.7474492 0.5366609 1.5951867 0.6219070 1.9630027 1.8594775 1.7097592 2.1227082 2.1794934 1.9164358 1.7290621 1.7047749 1.3481717 1.7501708 1.2982325 1.7869122 0.9138823 1.4439324 1.0814164 1.8989771 1.7203750 1.5367931 1.4493825 1.7276602 1.4671863 1.6724602 1.6362769 1.4010415 1.4125335 1.6374640 1.4294467 1.6034972 1.3947733 1.4436891 1.6908038 1.2385296 1.4546944 1.6876893 1.4657817 1.2587146 1.6728925 1.5747750 1.7581095 0.9527109 1.6086923 1.4450000 1.6819286 1.4911180 2.0479090 1.8488987 2.1202667 1.8602945 0.3111518 1.8646040 1.1400266 1.1449814 1.5478854 1.5676566 2.0829383 1.4857364 1.7085453 1.3203405 0.9160332 1.7793794 1.6007697 1.9954784 1.2311760 1.7221443 1.7870360 2.0656733 0.4029307 0.6278067 1.5871028 0.3702602 0.4937820 1.7105481 2.0875667 1.9137154 2.0984701 1.6190405 2.1055675 1.7212643 2.0421812 2.0129819 2.1228736 2.1482095 0.6664409 1.7029167 0.3816849 1.6938526 2.1426622 1.7623802 2.1341363 2.1069819 2.1362871 1.8810174 2.0975440 2.1782874 1.6699689 
tr|B3F053|B3F053_CHICK         1.0961670 1.0351991 0.0000000 1.7074652 1.3627262 1.5084420 1.6971911 1.8723772 1.5731907 1.7806862 1.8878522 1.6437427 1.0192592 1.8481427 1.0789885 1.8719024 1.7371876 1.8429390 1.8239670 1.7368439 1.7698691 1.6903738 1.3179779 1.7024374 0.0208729 1.6273482 1.9661685 0.4398496 1.6141928 1.9026529 1.8957750 1.8148812 2.0868724 1.7346566 1.6031432 2.0511842 1.9379686 1.7527497 1.7878824 1.7658260 1.6850833 1.8438011 1.6244060 2.0377762 1.1155945 1.9298542 1.5670217 1.7644489 1.8357740 1.6869484 1.5994686 1.8759058 1.0620889 1.9526359 1.7210596 1.7725577 1.8471482 1.7239452 2.0538669 1.3451821 1.9035102 1.6686709 1.1761178 0.3078020 1.4503388 1.7054509 1.1354297 1.0368969 1.5976066 1.0799132 1.6702482 1.5588144 1.7036463 1.5442532 1.6143306 1.7635219 1.7406300 1.7525351 1.6621286 1.7119410 1.8280158 1.6880722 1.8779474 1.7239452 1.8523073 1.6096666 1.7741978 1.8351831 1.6911883 1.6520282 1.6498452 1.6503803 1.8545570 1.6798784 0.1463611 1.5343110 1.7400849 1.5906946 1.5147575 1.4234262 0.9831129 0.9667856 1.8489042 1.8192152 1.6920009 0.7429233 1.6517433 1.1117731 2.0106653 1.7942886 1.7239452 1.8303907 1.8808018 1.6556209 1.6792998 1.7135327 1.3929460 1.6193963 1.2839831 1.7153258 0.2013168 1.4826080 0.1152932 1.8120799 1.6850989 1.5047909 1.4569914 1.6738349 1.4445637 1.6444368 1.6255408 1.4043143 1.4137707 1.5996864 1.4026912 1.6074558 1.4114912 1.4051903 1.5960902 1.2162464 1.4647799 1.6104593 1.4344936 1.2687061 1.7024138 1.5318042 1.6995700 0.0786030 1.5963901 1.4461219 1.6146164 1.4178703 1.8735214 1.7530484 1.9156734 1.9851766 1.0142672 1.9585400 1.2741098 1.2937510 1.5014865 1.4649513 1.9259338 1.4949599 1.6121108 1.3727970 0.1960746 1.7309669 1.6248355 1.8427178 1.2249924 1.7377687 1.6760024 2.0564082 1.0978737 1.0971351 1.5325333 1.0737754 0.9937697 1.7257443 1.8429615 2.0098452 1.8442874 1.6175050 1.8139120 1.7346566 1.8524520 2.0004134 1.8644421 1.9133615 1.1082393 1.7587007 1.0646062 1.6477868 1.8922010 1.7502297 1.9054126 1.7727422 1.7979145 1.7377384 1.8841081 1.8833383 1.5984772 
tr|D2CP28|D2CP28_CHICK         1.5706709 1.7225612 1.7074652 0.0000000 1.6875601 1.3686694 1.7705066 2.0473953 1.4225009 0.7058527 1.9312785 1.4367904 1.5799161 1.7925022 1.7213688 2.0718071 1.9710156 2.1034971 1.9816670 1.4669578 0.7340659 1.7663846 1.5924672 0.0315921 1.7074018 1.3571257 1.8482131 1.7850221 1.4570140 2.0464000 2.0058572 0.7365592 2.1386018 1.4671789 1.3710329 2.0730242 2.0630396 0.6820848 1.5174789 2.0853721 1.4675608 2.0307972 1.4220892 1.8461029 1.6839158 1.7473941 1.4182554 0.6776775 1.9669572 1.4797526 1.6286424 1.8468180 1.7171809 1.9822170 1.4629598 0.7290993 1.9547661 1.4743694 2.1426140 1.2879748 1.9324475 0.3320512 1.1221394 1.5437067 1.1687066 1.5123228 1.6917427 1.5739911 1.4326841 1.7356167 1.6071521 1.4355135 1.8161052 0.1157524 1.8259254 1.4488982 1.9062484 0.7184512 1.4635175 0.6811954 1.9653834 1.4815100 2.0015475 1.4743694 1.9702362 1.4540757 0.6895531 2.0703297 0.7037834 1.6782640 0.6886040 1.4297998 1.9743984 1.7745809 1.7225522 1.3543955 0.1539890 0.1807514 1.3561467 1.4241683 1.6391204 1.6944631 1.3959361 1.5907435 1.6621686 1.7476957 1.4395972 1.6651917 1.8407377 0.7333290 1.4743694 1.9024971 1.9651750 1.8156690 0.6491163 1.4775030 1.2170627 0.3091008 1.7657698 1.7639228 1.6121025 1.3284623 1.7528583 2.0595981 0.1227502 1.3568159 0.1131898 1.7445745 0.1095502 1.6489600 1.6838343 0.1185294 0.0912684 1.6639707 0.0931986 1.6353234 0.1269836 0.0836760 1.6616784 0.1354056 0.1191907 1.6639959 0.0934746 1.6508391 0.1296752 1.3692894 1.7256212 1.6742532 1.6028497 0.1269524 1.6513155 0.1170657 2.0785736 0.7413449 2.1259705 1.7792524 1.6660931 1.7876624 1.7030835 1.6336711 1.3032000 1.3245293 2.0622959 1.2845887 0.2946347 1.1469268 1.6252941 1.7455331 1.4106133 0.7728459 1.6951964 0.1732494 1.7627493 1.8843743 1.7031911 1.6964518 1.3786566 1.7676119 1.7078764 1.4864614 1.9681257 1.6610024 1.9586295 1.3870583 1.9962027 1.4671789 1.9875883 1.9163500 1.9498138 1.9733387 1.7222330 1.6266090 1.6663157 1.4965812 2.0362564 0.7323065 1.9961716 2.0223607 2.0116926 0.6827690 1.9857503 2.0487477 1.4935287 
tr|F1NKQ1|F1NKQ1_CHICK         1.1859390 1.2966673 1.3627262 1.6875601 0.0000000 1.4992854 1.6086413 1.9150930 1.4094880 1.7012908 1.9275798 1.5592252 1.1365055 1.7267783 1.3372438 1.9663611 1.8584255 1.8972862 1.9044697 1.5960296 1.7890298 1.6085775 0.0461022 1.6355555 1.3572420 1.6794202 1.7071821 1.2552764 1.4444903 1.8989849 1.8680902 1.7784264 1.9501154 1.5951197 1.5029547 2.0828456 1.9473171 1.7210069 1.6053849 1.8460084 1.4520114 1.9109004 1.6205469 1.8538123 1.3072831 1.6493858 1.6043991 1.6940080 1.8408881 1.4772858 1.4565325 1.7804064 1.1847028 1.8749027 1.5896669 1.7898172 1.8781031 1.5963485 1.9795201 1.2432037 1.8493357 1.5531101 1.1200617 1.3020923 1.3818177 1.4709161 1.2444885 1.2586239 1.4942561 1.3034938 1.5373902 1.5225405 1.5809813 1.4480086 1.6839839 1.6038158 1.8510425 1.6916149 1.5333381 1.7519343 1.8834907 1.5457122 1.8386139 1.5963485 1.8656429 1.5186188 1.6952897 1.8272670 1.6835927 1.6438468 1.6183747 1.5163374 1.8660720 1.5210112 1.3779760 1.5737999 1.5877900 1.5927120 1.4916952 1.3399479 1.1036323 1.3273265 1.7417088 1.6496395 1.5541778 1.1487367 1.5175906 1.2966706 1.8421117 1.8109692 1.5963485 1.8525464 1.8706462 1.8417909 1.7076572 1.6066814 1.5154465 1.6183922 0.3499436 1.5662129 1.2624149 1.3845985 1.3884423 1.8268355 1.6070583 1.5358646 1.3909417 1.5731810 1.3820504 1.5615910 1.6002776 1.3315691 1.3703976 1.5627765 1.3610246 1.4963521 1.3429746 1.3507102 1.6000097 1.3072458 1.3959303 1.5666433 1.3999328 0.1806281 1.6113566 1.5584978 1.6134477 1.3048583 1.5820683 1.3458548 1.6071136 1.3644671 1.7684234 1.8365298 1.8738933 1.7370211 1.1877151 1.7717394 0.6443806 0.6360560 1.4678322 1.4668201 1.9718911 1.3005001 1.6259179 1.3395895 1.2521132 1.5556187 1.4371258 1.8886511 0.1611458 1.5888241 1.6143638 1.8345676 1.2143181 1.3533013 1.4861314 1.3660915 1.2203004 1.5929136 1.8958786 1.7740440 1.8864196 1.5104002 1.8929744 1.5951197 1.8837250 1.7581966 1.8252665 1.9447596 1.2685667 1.6165823 1.1626336 1.5505280 1.8951553 1.6923438 1.9161526 1.8605308 1.8433614 1.7287441 1.8135464 1.8861582 1.5424115 
tr|F1P200|F1P200_CHICK         1.4998627 1.5536343 1.5084420 1.3686694 1.4992854 0.0000000 1.7222162 2.4434369 0.6146233 1.4160545 2.1225854 1.1514505 1.4305566 1.5155273 1.6597016 2.1347328 2.0562805 2.4370193 2.0555408 0.6372051 1.4600535 1.7089055 1.4473251 1.3391951 1.5164467 0.0652166 1.6687836 1.4899427 0.5945266 2.0272246 2.1309051 1.4497943 2.2742113 0.6372765 0.4595950 2.0121132 2.1530236 1.3604405 0.7556837 2.1760027 0.6119192 2.3590545 1.1768055 1.6239988 1.6382735 1.4869921 1.0630916 1.4002841 2.0890570 0.6543517 1.8090847 1.5509762 1.4868329 2.1732426 0.6419775 1.4530991 2.0587345 0.6397464 2.1213357 0.5507737 2.1419435 1.3362210 1.1569760 1.2996896 0.2317203 1.4145647 1.6552840 1.4508826 1.3445605 1.6218897 1.8167394 0.5363910 1.6435793 1.1788380 1.6151828 0.6611134 1.9865581 1.4421920 0.6319144 1.3549796 2.1512122 0.6382264 2.1124781 0.6397464 2.0534303 0.6386844 1.3923526 2.1690264 1.4076201 1.8719877 1.3303941 0.6464280 2.1106421 1.6529259 1.5210165 0.0746018 1.3739776 1.2499290 0.0706604 1.4810475 1.4317891 1.4519400 0.6337579 1.6041573 1.4322066 1.3313260 0.4941616 1.6411711 1.6563410 1.4787863 0.6397464 2.0305717 2.0938629 1.8297284 1.3820838 0.6372701 0.9106044 1.3150420 1.5994043 1.7224429 1.3558265 0.2411298 1.4918301 1.8992166 1.4550918 0.0633409 1.0984836 1.6388544 1.1063276 1.5759433 1.6008460 1.0920761 1.0709552 1.5845315 1.0755526 1.5939326 1.0480134 1.0847863 1.6361405 0.9912490 1.0853215 1.5835177 1.0641895 1.4926365 1.3667527 0.0554020 1.6561989 1.4300384 1.5483074 1.0727450 1.5456552 1.0928243 2.0709962 1.4584616 2.1821907 1.5714779 1.5593992 1.5963939 1.2850831 1.2598476 0.3515825 0.3645812 2.2594319 0.5210307 1.3378139 0.2058930 1.3486728 1.7316648 0.6091488 1.4557644 1.4606771 1.3444817 1.6664385 1.6309034 1.4421376 1.6415418 0.0250260 1.5060198 1.5440107 0.6458483 2.0507210 0.9277047 2.0425278 0.6010138 2.0555875 0.6372765 2.0798815 2.1340939 2.0920229 2.1196220 1.6966436 1.4800238 1.4743079 0.6013701 2.1427652 1.4056659 2.1099339 2.2056898 2.2390311 1.4486552 2.0919262 2.2412998 0.6390554 
tr|Q309X7|Q309X7_CHICK         1.8909758 1.7135663 1.6971911 1.7705066 1.6086413 1.7222162 0.0000000 1.0351741 1.6270297 1.8462056 0.8930627 1.6802384 1.6899377 0.9382218 1.7541570 0.8985668 0.9284197 0.9584363 0.8374278 1.7128875 1.7334205 0.0222539 1.6419113 1.7345964 1.6927848 1.8094005 0.4649804 1.7749479 1.7445704 0.9108123 0.8422113 1.9398712 0.8792954 1.7147072 1.6446757 0.9021786 0.9175135 1.8151733 1.8427592 0.9989666 1.6476230 0.9776227 1.7520787 0.9368186 1.7109631 0.8989313 1.6974299 1.8429801 0.9117130 1.6745790 0.7731224 1.0327958 1.7647399 0.9078636 1.7098484 1.7362201 0.8275404 1.7181618 1.0211877 1.3801017 0.9162375 1.7079284 0.1293933 1.7317210 1.5558546 0.8656204 1.6822477 1.6769106 0.8515042 1.6446662 0.7054775 1.6353674 0.1114811 1.5120569 0.1214119 1.6748522 0.8427097 1.7418151 1.7724493 1.7060096 0.9352398 1.8017442 0.8475086 1.7181618 0.8495602 1.7797933 1.7580396 0.9163228 1.7593874 0.7890439 1.7146197 1.7036991 0.8447260 0.1171829 1.7412312 1.6954869 1.7014588 1.6658418 1.7226258 0.0770074 1.7852643 1.7038658 1.7080958 0.8788701 0.8560768 1.5646598 1.8205327 1.6826001 0.9497966 1.8113790 1.7181618 0.8422716 0.8998487 0.8189980 1.6624883 1.7071453 1.5512861 1.7924909 1.6298000 0.1821030 1.6694659 1.6841925 1.7444375 0.2690895 1.7490476 1.6963962 1.5121232 0.1018622 1.5010202 0.0786889 0.1016813 1.4669657 1.4780612 0.0667014 1.5334421 0.0879967 1.4986840 1.4837062 0.0990340 1.4559377 1.4955458 0.0853570 1.4596858 1.7322569 1.7091155 1.7011344 0.1051730 1.6349387 0.1017889 1.4905222 0.0982128 1.5202349 0.9497560 1.9066125 0.9486929 0.9611849 1.6599732 0.8866001 1.6450418 1.6426461 1.6303942 1.6428296 0.9232411 1.5319596 1.7770051 1.5663066 1.6278501 0.1824342 1.6526248 1.8221758 1.6754918 1.7121750 0.0926381 0.9343939 1.8012653 1.7172266 1.7083162 1.8097472 1.8979368 1.7155715 0.8371460 1.8418702 0.8351124 1.6433011 0.8160768 1.7147072 0.8403702 0.8697080 0.8390143 0.8814161 1.7143762 0.8959664 1.7083502 1.7583060 0.8995069 1.8318451 0.8801856 0.8848720 0.8575658 1.8379682 0.8407525 0.9110296 1.7684122 
sp|P32082|GHRHR_MOUSE          1.9677303 2.1455392 1.8723772 2.0473953 1.9150930 2.4434369 1.0351741 0.0000000 2.2493116 2.1470578 0.3479339 2.3213909 2.1030427 1.5075987 2.0907107 0.2639533 0.3276975 0.1009832 0.2498678 2.2556195 2.1312114 1.0235895 1.8413489 2.0079140 1.8906494 2.4906273 1.1783015 1.8855100 2.1775858 0.3256388 0.2676694 2.2599913 0.2704527 2.2552404 2.1277696 0.9149981 0.2926009 2.1679956 2.2662959 0.3688608 2.2539057 0.0648516 2.3517504 1.5034255 2.0496556 1.3961369 2.2550316 2.1807777 0.2365677 2.1829310 0.2171410 1.4853161 2.2487765 0.2708192 2.2354282 2.1343497 0.2507537 2.2748467 0.3502987 1.6359883 0.2646479 2.1257679 0.6875283 1.9095971 2.0579200 1.3146904 1.9648171 2.0881679 1.2438405 2.0410719 0.2250048 2.1200735 1.0354120 1.8060306 1.0393527 2.2135461 0.2466532 2.1677552 2.2241188 2.0183600 0.2724283 2.2491989 0.2763031 2.2748467 0.2360591 2.2129026 2.0981241 0.3208810 2.0443934 0.3109345 2.0174692 2.2004432 0.2846642 1.0147793 1.9017516 2.4091166 2.0258184 2.0717430 2.4174032 0.8384821 1.9514368 2.1280644 2.3640927 1.3451641 1.5074402 1.8938747 2.3247222 2.0277386 1.5034995 2.1490899 2.2748467 0.2496732 0.2505176 0.2379094 2.0268000 2.2793015 2.0724442 2.1226619 1.9139340 1.0427735 1.8433637 2.3834366 1.9076443 1.1709746 1.9233221 2.3279160 1.7996988 0.9954708 1.6620196 0.9576046 0.9528105 1.6834487 1.6241827 0.9354307 1.6619070 0.9280803 1.6868436 1.6243921 0.9618262 1.6536385 1.6753243 0.9571825 1.6986134 1.9908753 1.9776240 2.4122259 1.0226006 1.8787935 0.9846731 1.6569233 0.9475182 1.7119783 0.3730904 2.1987802 0.3253026 1.3882404 2.1452880 1.3872787 1.9718112 1.9937690 2.3028966 2.2676280 0.3152033 1.9944632 2.1664923 2.1154769 1.8244694 1.0423475 2.2314274 2.2596768 1.9599773 1.9987385 1.0035540 1.5344767 2.3108821 2.0360765 2.4196839 2.1807918 2.0188839 2.2704588 0.2424733 2.3150114 0.2400797 2.1242854 0.2437701 2.2552404 0.2480257 0.2735840 0.2828029 0.3351696 1.8977546 1.3081786 2.1349399 2.0951367 0.2976814 2.1236114 0.3228411 0.2843460 0.2753001 2.1779380 0.2802170 0.2793795 2.2060449 
sp|P97751|VIPR1_MOUSE          1.5853558 1.5437757 1.5731907 1.4225009 1.4094880 0.6146233 1.6270297 2.2493116 0.0000000 1.3464793 1.9735697 1.2727872 1.4558539 1.5231008 1.6134540 2.1558901 2.0277339 2.3106050 2.0174977 0.1813808 1.2947651 1.5963947 1.3378694 1.4103702 1.5837149 0.6494205 1.6419665 1.5113880 0.1468271 1.9972733 1.9613421 1.3668062 2.1947463 0.1783662 0.5986467 1.9586126 2.0507345 1.3073286 0.2720009 2.0273751 0.0692998 2.1978164 1.2973961 1.6072420 1.5624554 1.4293217 1.2210648 1.3281688 2.0918218 0.1490310 1.6513042 1.5843992 1.5708964 2.1971331 0.1846375 1.2956870 2.0108283 0.1876788 2.2327193 0.1939165 2.0753434 1.4462616 1.0699982 1.3622991 0.6179397 1.3485365 1.6319139 1.4133099 1.3792514 1.6250453 1.6515502 0.6513321 1.6149528 1.1977476 1.5259839 0.2003524 1.9865223 1.2972476 0.1940316 1.2865594 2.0186047 0.2014492 1.9520241 0.1880950 2.0323329 0.2170754 1.2975775 2.0398612 1.3038371 1.8466256 1.2282091 0.2639574 1.9471284 1.6273475 1.5355622 0.6117788 1.4164685 1.3302836 0.6323350 1.3825375 1.4637541 1.4584790 0.9544911 1.4809000 1.3641706 1.4541966 0.8371820 1.5503996 1.5915685 1.3241042 0.1876788 1.9971486 2.1242776 1.8237234 1.2965824 0.1873058 1.0262283 1.3812601 1.5391077 1.6628767 1.4219642 0.6656335 1.5443895 1.7675902 1.4223217 0.6297853 1.1862519 1.6552180 1.1656502 1.5464161 1.5582705 1.1215683 1.1512239 1.5369816 1.1280904 1.5450802 1.1077031 1.1178466 1.6090260 1.1004107 1.1728014 1.5691571 1.1509954 1.4659550 1.3821010 0.6310975 1.6767078 1.4217552 1.5153020 1.1439541 1.5647182 1.1012429 2.0534932 1.3332220 2.1378109 1.5508032 1.5582412 1.4933418 1.3689020 1.3269976 0.6891639 0.6934262 2.1419151 0.1868739 1.4088043 0.5788681 1.3867659 1.6721974 0.1149918 1.4355432 1.4400368 1.4039260 1.6709935 1.5475377 1.4789702 1.6057135 0.6047585 1.5516103 1.5348917 0.1907591 2.0247178 0.3612257 2.0216135 0.1942448 2.0215496 0.1783662 2.0274648 1.9615884 1.9472618 2.0632874 1.6174048 1.3704901 1.4670404 0.2428040 2.0573001 1.3156809 1.9336441 2.0667765 2.0997849 1.3628778 1.9368980 2.1604412 0.2108706 
tr|M3XPF0|M3XPF0_MUSPF         1.9052750 1.7446284 1.7806862 0.7058527 1.7012908 1.4160545 1.8462056 2.1470578 1.3464793 0.0000000 2.0696270 1.4953098 1.7117988 1.6736119 1.8671718 2.1330632 2.0149428 2.1512886 2.0148121 1.4054841 0.1814627 1.8393231 1.6659308 0.6846571 1.7589418 1.5314137 1.8122299 1.9078227 1.4152523 2.1351308 2.0909667 0.1225507 2.1887883 1.4056561 1.4323206 2.3737033 2.0981563 0.1717145 1.4999833 2.1746787 1.3784882 2.1584234 1.5170534 1.8201942 1.7360680 1.7462673 1.5044150 0.2031712 2.1855850 1.4239296 1.7178569 1.8659495 1.8128908 2.1159420 1.4123588 0.1786267 1.9937074 1.4337603 2.1792049 1.1549530 2.0664316 0.6395096 1.1894114 1.6492464 1.4061636 1.6259452 1.8132186 1.7507434 1.4920092 1.8397637 1.7545070 1.5179028 1.7972319 0.5497417 1.7754800 1.3885243 1.9999792 0.2095159 1.4306895 0.1550249 2.0823852 1.4507461 2.0764325 1.4337603 2.0178174 1.3977636 0.1486608 2.2152310 0.1817380 1.7653773 0.1033228 1.3902127 2.0852896 1.7974280 1.8074513 1.4453344 0.6884437 0.6503384 1.4588287 1.5408392 1.8200538 1.7628035 1.5077872 1.7733188 1.7074315 1.8434036 1.5522121 1.7322475 1.8354363 0.1884171 1.4337603 2.0016291 2.1138544 1.9314398 0.1696713 1.4367778 1.3212952 0.6703954 1.8893113 1.8515528 1.6956586 1.4612466 1.8578494 2.0714732 0.6724255 1.4630082 0.5360045 1.8178568 0.4873587 1.7410655 1.7894323 0.4702685 0.5002869 1.7470230 0.4799157 1.7699276 0.4799257 0.4628813 1.8129634 0.4695504 0.5063441 1.7782296 0.4869142 1.7320184 0.7041522 1.4541015 1.7500365 1.7253607 1.7139930 0.5279903 1.7497029 0.5082227 2.0887021 0.2000481 2.1238440 1.8231717 1.8179545 1.7904549 1.7189734 1.6533329 1.4612155 1.4671075 2.1154433 1.3053778 0.6399326 1.3579649 1.7164720 1.8471391 1.3198507 0.2772665 1.7481510 0.7034063 1.7864659 1.8093574 1.7083700 1.7879092 1.4146697 1.7630012 1.8676845 1.4309084 2.0098534 1.5854763 2.0071978 1.4064158 1.9967773 1.4056561 2.0208418 1.9474141 2.0712605 2.1366208 1.7834490 1.6790577 1.7869440 1.4530153 2.1148249 0.0227024 2.0959226 2.1046798 2.1575817 0.0976047 2.0712615 2.1580323 1.4185123 
tr|M3Y1C7|M3Y1C7_MUSPF         1.9062577 2.1339406 1.8878522 1.9312785 1.9275798 2.1225854 0.8930627 0.3479339 1.9735697 2.0696270 0.0000000 2.1053235 2.1018320 1.4235709 2.0105550 0.2438582 0.2665562 0.3554388 0.2222618 2.0140793 2.0616683 0.8909791 1.8950254 1.8760303 1.9159180 2.1665788 1.0199738 1.8109946 1.9570140 0.2916856 0.1163486 2.0700752 0.2426273 2.0148635 1.9587749 0.9145340 0.2197947 1.9729488 2.0423044 0.2726657 2.0270829 0.3257419 2.2017697 1.4584822 1.9509402 1.3483633 2.0621291 2.1016658 0.2478013 1.9639567 0.2172960 1.4631250 2.1550409 0.2990801 2.0050619 2.0529231 0.2298552 2.0445107 0.3398927 1.5258125 0.2512725 1.9898854 0.6505369 1.8424010 1.8035216 1.2379724 1.8630784 2.1050340 1.1985761 1.8850197 0.2017171 2.0173369 0.8937016 1.7175364 0.8924262 1.9505801 0.2472971 2.0757096 1.9934096 1.9679535 0.2169998 2.0220626 0.1088844 2.0445107 0.2222513 2.0053705 2.0382549 0.2033784 1.9371158 0.2045726 1.9697550 1.9783969 0.1434076 0.8565702 1.8798238 2.0791957 1.9683704 1.9989136 2.1072656 0.7849648 1.8893595 2.1508854 1.9955583 1.2224419 1.3795180 1.8314954 2.0674103 1.9193175 1.4514481 2.0340100 2.0445107 0.2297946 0.2602276 0.2079764 1.8931442 2.0486556 1.8578186 1.9567212 1.9385687 0.8896593 1.7182838 2.0499006 1.8716888 1.0272772 1.8463349 2.0914812 1.7092175 0.8674650 1.6051068 0.8046801 0.8044644 1.6174618 1.5830463 0.7831376 1.5815053 0.8089012 1.5851392 1.5730397 0.8262934 1.6221362 1.6200191 0.8137017 1.6233671 1.9586140 1.8647086 2.0827284 0.8396717 1.7829739 0.8347786 1.5825771 0.8169893 1.6414567 0.3095362 2.1541913 0.3525996 1.3133973 2.1555087 1.3052252 1.8891221 1.8965373 2.1453000 2.1173626 0.2889539 1.7504546 2.0006024 1.7457440 1.6890977 0.8931644 1.9914860 2.2268023 1.9540669 1.8917146 0.8112038 1.4522103 2.2067688 1.9296415 2.0926816 2.1604905 2.0271119 2.0409377 0.2240792 2.1515976 0.2214282 1.9093777 0.2336774 2.0148635 0.2247132 0.2425454 0.1204642 0.1753849 1.8855847 1.3309925 2.0806434 1.9448254 0.2588091 2.0603380 0.0456734 0.1923222 0.1773127 2.0850105 0.1092837 0.1908132 2.0093791 
tr|H2MCM8|H2MCM8_ORYLA         1.5577234 1.5669917 1.6437427 1.4367904 1.5592252 1.1514505 1.6802384 2.3213909 1.2727872 1.4953098 2.1053235 0.0000000 1.4980575 1.6666358 1.6062548 2.3202079 2.2069805 2.3228448 2.1919451 1.3104763 1.4785160 1.7115548 1.5265819 1.4415646 1.6261821 1.1837317 2.0840339 1.6972478 1.3193094 2.1371803 2.1563443 1.5996659 2.3557011 1.3106289 1.2073954 2.2493932 2.2473258 1.3957979 1.3853022 2.2244415 1.3106469 2.2446571 0.0725551 1.8328466 1.5741746 1.7353660 0.0735356 1.4579266 2.1796778 1.2949357 1.8347001 1.8506194 1.6348452 2.2428681 1.2984783 1.4795910 2.1963195 1.3236009 2.3774931 1.0357755 2.1845503 1.3734258 1.1737964 1.4962375 1.0609408 1.5455310 1.5431570 1.5049588 1.5337892 1.5777513 1.8706752 1.2862518 1.6971913 1.2490558 1.7475749 1.3009938 2.1542681 1.4901446 1.3263860 1.4275561 2.2057727 1.3399727 2.1397313 1.3236009 2.2186889 1.2752617 1.4715807 2.2209997 1.4313294 1.9289853 1.4147119 1.3069174 2.2313436 1.7709256 1.6375080 1.1722927 1.4271339 1.4119062 1.1669433 1.3779761 1.4808325 1.5209768 1.2758653 1.6978223 1.6653853 1.3840431 1.1632374 1.5674458 1.8627212 1.5037138 1.3236009 2.1771166 2.1834364 1.9800491 1.4038855 1.3264133 0.1631466 1.5179459 1.6548370 1.8195664 1.5620202 1.1520258 1.6887810 2.0248325 1.4902850 1.1874639 1.3341265 1.6675808 1.2982453 1.6291484 1.6706963 1.2914261 1.2388921 1.6160181 1.2822561 1.6268550 1.2702233 1.2867377 1.6253690 1.2353612 1.2589240 1.6140890 1.2689988 1.5432593 1.4880865 1.1924070 1.7091754 1.5308952 1.5845744 1.2547337 1.6143212 1.3555794 2.2429863 1.5109882 2.1477907 1.6739267 1.5527587 1.6930952 1.5827413 1.5104468 1.1163272 1.1508445 2.2107940 1.1380929 1.5389077 0.9722647 1.5336787 1.8477220 1.2805031 1.6844488 1.5116674 1.4959073 1.6890258 1.8412357 1.5480719 1.5989148 1.1696903 1.5884115 1.6643309 1.3297994 2.1954627 1.6472628 2.2046878 1.2423744 2.1949025 1.3106289 2.2054508 2.3367149 2.1141864 2.2229706 1.6128072 1.6825447 1.5076315 1.3104475 2.1876273 1.4737718 2.1310255 2.1836287 2.2300425 1.5293362 2.1152451 2.2639184 1.3279958 
tr|H2MCR9|H2MCR9_ORYLA         0.5953298 0.3916219 1.0192592 1.5799161 1.1365055 1.4305566 1.6899377 2.1030427 1.4558539 1.7117988 2.1018320 1.4980575 0.0000000 1.7606209 0.6604090 2.1683177 2.0270774 2.0713713 2.0778749 1.6243426 1.7005374 1.6913162 1.0346331 1.5725034 1.0131556 1.4940666 1.7857464 1.0221124 1.5276581 2.0955633 2.0993322 1.8302602 2.2597377 1.6245293 1.5090913 2.0851522 2.1976293 1.6904712 1.6031892 2.1244906 1.4986496 2.0584136 1.4964999 1.8693121 0.6142122 1.7958499 1.5331826 1.7274978 2.0934911 1.5166588 1.7597059 2.0119042 0.3259662 2.1450270 1.6177230 1.7008356 2.0575414 1.6285666 2.2481299 1.1855898 2.1065733 1.5853432 1.1085788 0.9263029 1.3190106 1.6314479 0.6598656 0.2049073 1.7217199 0.6171182 1.6782515 1.5190006 1.7097340 1.3935270 1.6281222 1.6373715 2.0194978 1.6936972 1.5522967 1.7477237 2.0719043 1.5681119 2.0815024 1.6285666 2.1060994 1.5580788 1.7618994 2.2673480 1.7765729 1.8114070 1.6097385 1.5553323 2.0516611 1.6736896 1.0126025 1.4682196 1.5354861 1.4423256 1.4510066 1.3346793 0.4578129 0.3127455 1.7755936 1.6770507 1.6240802 0.6117666 1.3872245 0.6340495 1.8748132 1.7361423 1.6285666 2.1070964 2.1069256 1.9439004 1.6427079 1.6237247 1.3356038 1.6644884 1.1978465 1.6701765 0.8936639 1.3153968 1.0797319 1.8513816 1.5547256 1.4794129 1.3626591 1.6970911 1.3668344 1.6035889 1.5977960 1.3012157 1.2986202 1.5817846 1.3266165 1.5249188 1.3054740 1.3208872 1.6149312 1.1554388 1.3569406 1.5795135 1.3476073 1.0938029 1.5921749 1.4997956 1.7160485 0.9637413 1.5700484 1.3484464 1.5998970 1.3620797 2.0267474 1.8044153 2.1427173 1.7501319 0.3309615 1.7883049 1.0934926 1.0859756 1.3498923 1.3966305 2.1214002 1.3377188 1.6428923 1.2166696 0.8815242 1.6616384 1.4572957 1.9442266 1.0710747 1.5723975 1.7184878 1.9512490 0.2056881 0.6367152 1.4726876 0.4454458 0.5195758 1.6293059 2.1070629 1.8572475 2.0923349 1.5247128 2.0831520 1.6245293 2.0559373 2.1788323 2.0769395 2.1090158 0.6233555 1.7534989 0.2238901 1.4896209 2.1327509 1.7150152 2.1291120 2.1195157 2.1175170 1.7490944 2.0728401 2.1804063 1.5249541 
tr|H2MPZ5|H2MPZ5_ORYLA         1.8239826 1.8574069 1.8481427 1.7925022 1.7267783 1.5155273 0.9382218 1.5075987 1.5231008 1.6736119 1.4235709 1.6666358 1.7606209 0.0000000 2.0247461 1.4529606 1.3268473 1.6302011 1.3506134 1.5694136 1.7023000 0.9625016 1.6854214 1.7689407 1.8767363 1.6124089 1.1058510 1.7661670 1.4956916 1.4007837 1.3754520 1.7597076 1.3801218 1.5735271 1.5117316 1.3663514 1.5433677 1.6345252 1.6320192 1.5243704 1.5393415 1.4670836 1.7451572 0.2788953 1.8300566 0.1760143 1.7097738 1.7246885 1.4240638 1.5791235 1.1749465 0.3281119 1.8401291 1.4683499 1.5690830 1.7050500 1.3298662 1.5804283 1.5988209 1.1877874 1.5133087 1.7521316 0.5034494 1.7903631 1.3683129 0.2592410 1.7744778 1.8515322 0.2813138 1.7589989 1.1160927 1.5310973 0.9471371 1.4948474 0.9449300 1.5447423 1.3898889 1.6303029 1.5990947 1.6381411 1.4061584 1.6226838 1.3841315 1.5804283 1.3955511 1.5522748 1.6226662 1.4518065 1.6377667 1.1217743 1.6227691 1.6100280 1.3729394 0.9347436 1.8149476 1.5031300 1.7087398 1.7576654 1.5120189 0.6814614 1.7077584 1.8564792 1.6795151 0.4947107 0.5042965 1.6123405 1.4547492 1.8073328 0.3582864 1.7089490 1.5804283 1.4343679 1.5150130 1.2979906 1.6237819 1.5839110 1.4853677 1.8037086 1.6808650 0.8953948 1.7161631 1.5899771 1.9324736 0.9478836 1.7652659 1.4947125 1.4829291 0.9146265 1.5022150 0.8498449 0.8407346 1.4425735 1.4187152 0.8454707 1.4491661 0.8225427 1.4252754 1.4476618 0.8744033 1.3292616 1.4719136 0.8472402 1.4036981 1.8490761 1.7848112 1.5235954 0.9383498 1.7873623 0.8535389 1.4113736 0.8261943 1.4487229 1.5135883 1.7264124 1.5715240 0.4023044 1.7610379 0.3630270 1.7706845 1.8308173 1.5604175 1.5522780 1.4983719 1.3641464 1.8031361 1.4107885 1.6867495 0.9130381 1.4804866 1.9241530 1.7889459 1.7663832 0.9275985 0.1859502 1.8065436 1.8736616 1.5103920 1.8807110 1.8031753 1.5659049 1.4382445 1.6993910 1.4347131 1.4565362 1.3811260 1.5735271 1.3496554 1.4935310 1.3713195 1.4472205 1.8219664 0.2343681 1.7611625 1.5474073 1.4534321 1.6834116 1.4380659 1.4361693 1.4251717 1.7882661 1.4081584 1.4598872 1.6525482 
tr|H2MTX3|H2MTX3_ORYLA         0.5744997 0.6693323 1.0789885 1.7213688 1.3372438 1.6597016 1.7541570 2.0907107 1.6134540 1.8671718 2.0105550 1.6062548 0.6604090 2.0247461 0.0000000 2.0527223 1.9929021 2.0366442 1.9614848 1.7896743 1.9182553 1.7684901 1.2406472 1.7354980 1.1015961 1.8219509 1.8656715 1.1994464 1.7098339 1.9944572 1.9825496 1.9722555 2.1124320 1.8005078 1.5355809 2.2031702 2.1394009 1.7645090 1.8422675 1.9704014 1.6796745 2.0583995 1.5750562 2.0266735 0.1471820 1.9273728 1.6555754 1.8603307 2.0324628 1.7129605 1.5982449 2.1187472 0.7116381 2.0650109 1.7731122 1.9185473 1.9345910 1.7778891 2.0556506 1.3787767 1.9742622 1.6683111 1.1866995 1.1146406 1.4519185 1.7496801 0.2386706 0.6299659 1.7102589 0.2342627 1.5579843 1.6080400 1.7762686 1.4720438 1.7607985 1.8174386 1.8840578 1.9064228 1.7861812 2.0327450 1.9615180 1.8047932 1.9540350 1.7778891 1.9966538 1.7246047 1.9544683 2.0630458 1.7520595 1.9477109 1.8147360 1.7055624 1.9813277 1.7899486 1.0475179 1.6232184 1.6582589 1.6478017 1.6501230 1.3800069 0.3745197 0.5545321 1.8156917 1.6733747 1.7481048 0.6480855 1.6590845 0.1513657 2.1564904 1.9181395 1.7778891 2.0194595 2.0458962 1.9219437 1.7591458 1.7726587 1.4694315 1.6449228 1.4434931 1.8794799 1.0177663 1.5156371 1.2213395 1.9968803 1.7594417 1.6134906 1.4286746 1.7831381 1.4706605 1.7153595 1.6692162 1.3703647 1.4217416 1.6814591 1.4230092 1.6785487 1.4246600 1.4180772 1.7590142 1.2256131 1.4598367 1.6776885 1.4506138 1.3717851 1.6724629 1.6667962 1.8058186 0.9959962 1.6702615 1.4611498 1.7075901 1.4625594 1.9170175 1.9010897 2.1686337 1.8524812 0.5212769 1.8492905 1.2637125 1.3518169 1.5722889 1.6143012 2.0782496 1.4836949 1.7101077 1.4179746 1.0103118 1.8810747 1.6333882 2.1558839 1.2951030 1.7101604 1.8124112 2.1320480 0.6132401 0.1262929 1.6731462 0.6622046 0.4480254 1.7787419 2.0236889 1.9354636 2.0200006 1.6677748 1.9793962 1.8005078 1.9400602 1.9047592 1.9193230 2.0504333 0.1987398 1.7675165 0.6517873 1.6778867 2.0399309 1.8765449 1.9888195 1.9715577 1.9724857 1.8473034 1.9464567 2.0145452 1.7479955 
tr|G1RYZ3|G1RYZ3_NOMLE         1.9586830 2.1733212 1.8719024 2.0718071 1.9663611 2.1347328 0.8985668 0.2639533 2.1558901 2.1330632 0.2438582 2.3202079 2.1683177 1.4529606 2.0527223 0.0000000 0.2227757 0.2661657 0.0351513 2.1839453 2.1282369 0.8912194 1.8667671 2.0375205 1.8773573 2.2292787 1.0456805 1.8357028 2.0883871 0.2388980 0.1711063 2.1589535 0.0522959 2.1835465 1.9632524 0.8704035 0.1975538 2.0807521 2.1812996 0.2582184 2.1529196 0.2530698 2.4031755 1.5067868 2.0527583 1.3311249 2.2437538 2.1274848 0.1658400 2.0865222 0.1350720 1.4694879 2.1709122 0.2107593 2.1730772 2.1314027 0.0381001 2.1956126 0.1349390 1.6202069 0.1917663 2.0716357 0.6636768 1.8880088 1.9407835 1.2162299 1.9964388 2.1741032 1.2148262 2.0228316 0.1412158 2.0154103 0.9200216 1.7981624 0.9354641 2.1438110 0.0820656 2.1569981 2.1397134 2.0023867 0.1822004 2.1804727 0.1787768 2.1956126 0.0379695 2.1133108 2.0971837 0.2103904 1.9782413 0.2469769 2.0331864 2.1080732 0.1767311 0.9127622 1.9191328 2.1361524 2.0494132 2.0691003 2.1317757 0.8404250 1.9297082 2.1860232 2.1960137 1.3168831 1.4289974 1.8163424 2.1226340 2.0282486 1.5043505 2.1182632 2.1956126 0.0306218 0.1612004 0.0451905 1.9524518 2.1999844 2.0071413 2.0687098 1.9927596 0.9431558 1.7664441 2.1262187 1.9060875 1.0800479 1.9787415 2.1142028 1.8121980 0.8995400 1.6851041 0.8330706 0.8285313 1.7105374 1.6631024 0.8115031 1.6878185 0.8060673 1.6596041 1.6539127 0.8539167 1.6771724 1.7191965 0.8350897 1.7024112 2.0217527 2.0147958 2.1291491 0.8921229 1.8516039 0.8467391 1.6876408 0.8193527 1.7302253 0.2997356 2.1949443 0.3019706 1.3407213 2.1288211 1.3344002 1.9843251 1.9860751 2.1275112 2.0866837 0.1761245 1.8609145 2.1122618 1.8837495 1.7381801 0.9356809 2.1444635 2.0768345 1.9896743 2.0643112 0.8703593 1.4519156 2.2844910 2.0168938 2.1087404 2.1807450 1.9920014 2.1914966 0.0351146 2.2455721 0.0327830 2.0753947 0.0406023 2.1835465 0.0353456 0.1895106 0.1798694 0.2194131 1.9460430 1.2529133 2.2170731 2.0826105 0.1796886 2.1104625 0.2163124 0.1655859 0.1584167 2.1185158 0.1800297 0.1643564 2.1649362 
tr|G1PEJ8|G1PEJ8_MYOLU         1.8054776 2.0047774 1.7371876 1.9710156 1.8584255 2.0562805 0.9284197 0.3276975 2.0277339 2.0149428 0.2665562 2.2069805 2.0270774 1.3268473 1.9929021 0.2227757 0.0000000 0.3497747 0.2164158 2.0623365 2.0271729 0.9159564 1.7989073 1.9458985 1.7690966 2.1260169 1.0692039 1.8202063 2.0141562 0.3813082 0.2808713 2.0767866 0.2310187 2.0619070 1.9524233 0.9440223 0.2467862 1.9878543 2.0964178 0.2835868 2.0531426 0.3022598 2.2440160 1.4333824 1.9086308 1.2816914 2.1385579 2.0087477 0.2467683 1.9787692 0.2177452 1.3831871 2.0927900 0.2874729 2.0518202 2.0302764 0.2188884 2.0785733 0.3205589 1.5350661 0.2655372 2.0667591 0.6721373 1.7957543 1.8464896 1.1872528 1.8715352 2.0847886 1.4614255 1.8516210 0.3516634 1.8886273 0.9203550 1.7616693 0.9452705 2.0244485 0.2403123 2.0386629 2.0506456 1.8932982 0.2188828 2.0765709 0.2408471 2.0785733 0.2131075 2.0339260 1.9912389 0.2403326 1.8944734 0.2512907 1.9380521 2.0245751 0.2219672 0.9279533 1.8218580 2.0796037 2.0198041 2.0289412 2.0812538 0.7780550 1.8591363 2.0467170 2.0984691 1.2238317 1.3055620 1.7839952 2.0526203 1.8847198 1.4268482 2.0306401 2.0785733 0.2164201 0.2576437 0.2059409 1.8767656 2.0828118 1.9172059 2.0157684 1.8284836 0.9251315 1.6889527 2.0304712 1.8299739 1.0583901 1.9287922 2.0169965 1.7914990 0.9025484 1.6953268 0.8446385 0.8422216 1.7209840 1.6790832 0.8334224 1.6961147 0.8407649 1.6612484 1.6604808 0.8722529 1.6527610 1.7287892 0.8502651 1.7287025 1.9068927 1.9568831 2.0113048 0.9141187 1.7707930 0.8852043 1.6879654 0.8267172 1.6946435 0.3074363 2.1205493 0.3480259 1.3380618 2.0273194 1.3056487 1.8985563 1.8969838 2.0505695 2.0448692 0.3278252 1.7900716 2.0601954 1.7871024 1.6591519 0.9325144 2.0200063 2.0808155 1.8915148 1.9556506 0.8709285 1.3894966 2.1733385 1.9005336 2.0751431 2.0722256 1.9078285 2.0737028 0.2189949 2.1806554 0.2099366 1.9557489 0.2185411 2.0619070 0.2122266 0.2142192 0.2061978 0.2533636 1.8278526 1.2059988 2.0390406 2.0025946 0.2719134 2.0139980 0.2535858 0.1929728 0.1995942 2.0218730 0.1973684 0.2001259 2.0224396 
tr|G3HJL6|G3HJL6_CRIGR         1.9142026 2.1081045 1.8429390 2.1034971 1.8972862 2.4370193 0.9584363 0.1009832 2.3106050 2.1512886 0.3554388 2.3228448 2.0713713 1.6302011 2.0366442 0.2661657 0.3497747 0.0000000 0.2422317 2.3415651 2.1275678 0.9477078 1.7917040 2.0814822 1.8570419 2.6325392 1.1768193 1.8922609 2.2431233 0.3055547 0.2584200 2.2427277 0.2667890 2.3411376 2.1359092 0.8424670 0.3139066 2.1323360 2.3519074 0.3599293 2.3031388 0.0718287 2.3408109 1.6229920 2.0324048 1.5668435 2.2620529 2.2051060 0.2192843 2.2957490 0.2130165 1.5971346 2.1871830 0.2609734 2.3165112 2.1314739 0.2432827 2.3659501 0.3871367 1.5649856 0.2480227 2.2147774 0.6002202 1.9598215 2.0571127 1.3279265 1.9637607 2.1006879 1.3225143 2.0301270 0.2193656 2.2160544 0.9896766 1.8028428 1.0658290 2.3458778 0.2437983 2.2012907 2.2707245 2.0123905 0.2606693 2.3090577 0.2647031 2.3659501 0.2418115 2.2741360 2.1198258 0.3160341 2.0430172 0.3482549 2.0153902 2.2351668 0.2816160 0.9648732 1.8990632 2.5176519 2.0502660 2.1865649 2.5073038 0.8181252 1.8421702 2.2107567 2.3024120 1.4325253 1.5237315 1.8692364 2.3221092 2.0054041 1.6290748 2.1524160 2.3659501 0.2505124 0.2249611 0.2363884 1.9629525 2.3714375 2.0708503 2.1657001 1.9258322 1.0015742 1.7707813 2.3513183 1.9096150 1.2313055 1.9354014 2.3298612 1.7698314 0.9506335 1.6255622 0.8870635 0.9021963 1.6655777 1.6329090 0.8762303 1.6557692 0.8509914 1.6822647 1.6402652 0.9129142 1.6446754 1.7015860 0.8905242 1.6962419 1.9194449 2.0444426 2.4416281 0.9629780 1.8198744 0.9293814 1.6286739 0.8792472 1.6960729 0.3791525 2.2058441 0.3013344 1.5512978 2.1282429 1.5834536 1.8779975 1.9243303 2.3322153 2.2962903 0.3032959 1.9453374 2.2085050 2.0453441 1.7532333 0.9934822 2.3295819 2.2765725 1.8383475 2.0348401 0.9345902 1.7450537 2.2085193 2.0202385 2.4255331 2.2633986 1.9279223 2.3589928 0.2380184 2.4178143 0.2389786 2.1942362 0.2350208 2.3411376 0.2400208 0.2763530 0.2711519 0.3435538 1.8335533 1.3631939 2.1131031 2.1873576 0.2914556 2.1289218 0.3206481 0.2695789 0.2664405 2.1294135 0.2682837 0.2673853 2.2331057 
tr|A0A2I2ZHN5|A0A2I2ZHN5_GORGO 1.8695549 2.0637479 1.8239670 1.9816670 1.9044697 2.0555408 0.8374278 0.2498678 2.0174977 2.0148121 0.2222618 2.1919451 2.0778749 1.3506134 1.9614848 0.0351513 0.2164158 0.2422317 0.0000000 2.0471950 1.9936797 0.8305471 1.8070491 1.9494595 1.8293101 2.1543782 0.9878255 1.7826388 1.9681488 0.2165031 0.1427585 2.0120816 0.0198305 2.0467678 1.8971088 0.8052725 0.1888069 1.9517969 2.0423383 0.2387473 2.0173393 0.2345899 2.2723916 1.4185887 1.9251527 1.2526562 2.1176983 1.9873612 0.1486550 1.9457953 0.1268299 1.3781027 2.0718122 0.1899414 2.0368635 2.0023879 0.0120803 2.0578024 0.1185768 1.5132032 0.1693512 1.9880301 0.5964057 1.8386957 1.8331109 1.1576650 1.8648224 2.0640093 1.1525486 1.8740504 0.1135066 1.9400131 0.8601109 1.7164559 0.8394184 1.9980952 0.0781952 2.0273669 2.0032598 1.8885084 0.1602104 2.0459434 0.1639895 2.0578024 0.0242108 1.9790788 1.9815204 0.1981360 1.8577851 0.2141308 1.9184108 1.9877471 0.1574631 0.8532398 1.8618533 2.0283755 1.9545380 2.0026587 2.0384582 0.7816585 1.8410596 2.0958107 2.0741708 1.2462580 1.3348883 1.7283331 2.0122104 1.8955106 1.4165346 1.9888642 2.0578024 0.0246871 0.1485738 0.0270337 1.8247843 2.0619599 1.9042406 1.9716105 1.9234037 0.8700696 1.7284431 2.0524094 1.8657123 1.0033788 1.8877880 2.0051562 1.7168351 0.8405899 1.6138048 0.7693950 0.7649835 1.6309000 1.5862013 0.7488751 1.6152043 0.7573022 1.5779830 1.5846955 0.7892732 1.5845813 1.6373013 0.7771421 1.6213159 1.9434183 1.9250603 2.0190979 0.8346199 1.7899052 0.7798750 1.6087006 0.7539953 1.6500656 0.2824260 2.0719181 0.2753034 1.2691677 2.0248112 1.2738778 1.9102671 1.9115288 2.0356049 1.9970706 0.1490808 1.7395407 2.0126534 1.8030779 1.7009119 0.8631357 1.9971498 1.9668792 1.9113144 1.9796237 0.8138490 1.3645307 2.1903418 1.9211599 2.0134968 2.0723835 1.9315409 2.0541901 0.0192909 2.1011070 0.0192944 1.9397238 0.0316979 2.0467678 0.0047863 0.1677720 0.1598559 0.1953703 1.8450135 1.1908134 2.0898964 1.9599480 0.1536224 1.9936092 0.1961937 0.1530608 0.1483067 1.9949772 0.1651423 0.1538967 2.0172538 
