131
tr|E7FB43|E7FB43_DANRE         0.0000000 1.1292012 0.6453791 0.8290194 0.9808916 0.9518752 1.3912522 0.5615092 1.0222876 0.9375057 0.9906849 1.1573862 0.9182159 0.8381337 0.8079818 0.9483184 1.1570510 0.9691082 1.0028774 0.8964373 0.8934182 1.0462681 0.9225910 0.6315253 0.6259745 0.5385759 0.6473130 1.1983552 0.9711083 1.1769190 0.8821006 0.6376942 1.1826688 0.9978646 1.1719218 0.9719533 1.2867439 1.2700375 1.1470572 1.1107326 0.9692267 0.6163002 0.5354193 1.1645527 0.5260937 0.8291908 1.0560916 1.0349617 1.0255652 1.0170810 0.9438894 1.1532972 0.9174998 1.0408897 0.7289105 1.1332139 1.1350449 1.0470438 1.3209499 0.9072466 0.9579545 0.9585541 1.0100487 0.8265672 0.3417498 0.6667568 1.1718374 0.5913914 1.0771414 0.6319197 1.1570493 1.2793046 1.1333663 0.9752296 1.2991112 0.9969677 0.5577981 0.9642115 0.8461327 0.9448478 0.8034305 0.8415694 0.6199994 0.6483947 0.8184170 1.0219914 0.6585759 0.9738810 0.8598987 1.3575291 0.9741436 1.0172576 1.1069432 0.3809985 1.1054229 1.0209178 0.8476331 0.8610779 0.8622425 0.9618209 0.9336657 0.8221502 0.9760355 0.6181312 1.1158678 1.0018452 0.9898388 0.8124449 1.0017165 0.8378434 1.0017165 0.8361421 0.4962236 1.2697461 0.9845661 1.1570493 1.1567214 1.0048969 0.9890070 1.1525235 1.2090179 0.9792583 1.0148903 0.9777127 0.5160978 0.9777413 1.2028588 0.9277395 0.9272725 0.9164688 0.9233868 
tr|E7FCX8|E7FCX8_DANRE         1.1292012 0.0000000 1.0928040 0.9814331 0.8437357 1.0666337 1.5345399 1.0595988 1.0223776 1.0665608 0.9986343 1.2446376 0.8366649 0.9835715 1.0216540 0.7594347 1.2260219 0.9769434 1.0250229 1.0083813 0.9879904 1.1808417 1.0136502 1.0964073 1.1598362 1.0839072 1.1286745 1.2462734 1.1002827 1.2426082 0.9341611 1.0313586 1.2509000 1.0243518 1.2647524 0.9884404 0.9284556 0.9333474 1.2092540 1.1716569 0.9792318 1.0510253 0.8646217 1.0620119 1.0359707 0.9489610 1.1473523 0.9284020 1.1960947 1.0865204 1.0367583 1.2561434 0.7640011 0.6413064 0.9541240 1.2016431 1.1695512 1.0563847 0.9716104 0.9931395 1.0037574 1.0570216 0.8553610 1.0156278 1.0679013 1.0263306 0.2115792 1.0096650 0.3935249 1.0770676 1.2466493 0.9334122 1.2169642 1.0373896 0.9381177 1.0146009 0.9998952 0.8377831 1.0552696 0.8172328 1.0150979 0.7138281 0.6378798 0.6431938 0.6697775 0.8524557 0.6497480 0.8217390 0.7364823 0.9609238 1.0494203 1.1153775 0.2275608 1.0759472 0.2288016 0.9322664 1.1694955 0.9595845 1.0652040 0.8392177 1.0437248 0.9917784 0.8215249 1.1173566 0.2370224 0.2243694 0.8283106 1.0195301 0.8544905 0.9420167 0.8544905 0.9461905 1.1212577 0.4149202 1.0081516 1.2466493 1.2362460 1.0182233 1.0077280 1.2419069 1.2435862 0.9964105 0.9939453 0.9753639 1.0558929 1.0993596 1.2338079 0.9968820 1.0145624 1.0090743 1.0004270 
tr|F1RCQ6|F1RCQ6_DANRE         0.6453791 1.0928040 0.0000000 0.8719610 1.0131594 0.9881460 1.4427194 0.7052852 1.0645914 0.9738326 1.0298723 1.0495459 0.9856933 0.8658605 0.8716599 0.9927931 1.0468807 0.9877905 1.0389391 0.9613921 0.8891552 1.1082194 0.9527619 0.8124692 0.4181565 0.7503606 0.4057494 1.0925401 0.9823613 1.0713268 0.8702891 0.7708243 1.0617528 0.9956479 1.0783677 1.0062100 1.2909389 1.2792285 1.1557595 1.0234689 0.9441857 0.7447808 0.3705525 1.1538469 0.6752374 0.8802897 1.1320381 1.0779223 1.0113671 1.0220928 0.9379597 1.0401257 0.9119488 1.0423298 0.7632184 1.1516092 1.0345548 1.0192633 1.2987303 0.9487838 0.9374281 1.0023835 1.0592617 0.8880764 0.6264711 0.4124561 1.0752413 0.6348888 0.9830487 0.8094223 1.0577925 1.2898587 1.1571091 0.9733121 1.2933210 1.0406996 0.5349296 1.0387406 0.9065395 0.9895252 0.8660618 0.8530091 0.6498578 0.6787142 0.7931256 1.0285577 0.6808206 0.9881004 0.8915462 1.3457794 0.9827313 1.0484348 1.0728414 0.5834532 1.0987990 1.0458773 0.8867286 0.8760591 0.9113230 1.0518589 0.9798111 0.8709803 1.0088803 0.7467043 1.1312687 1.0114369 1.0118173 0.8737888 1.0236880 0.9049106 1.0236880 0.8922658 0.7131112 1.1579826 1.0367480 1.0577925 1.0569333 1.0435400 1.0307702 1.0534783 1.1096369 1.0148288 0.9983714 1.0086778 0.7179596 0.9923740 1.0947388 0.9775221 0.9192005 0.9157232 0.9310948 
tr|A6N8N7|A6N8N7_CHICK         0.8290194 0.9814331 0.8719610 0.0000000 0.9703646 0.4676341 0.7946655 0.8026097 0.4522234 0.4780448 0.4549171 1.2007914 0.4502897 0.0204419 0.2571756 0.8330254 1.1654432 0.4530854 0.4695160 0.3867849 0.4046901 0.5411197 0.4559196 0.8451511 0.8906353 0.8596870 0.8870184 1.2152934 0.4745295 1.2140059 0.3704279 0.8477251 1.1844226 0.4682986 1.2282520 0.4427020 1.2331162 1.2189128 0.5399952 1.1605179 0.4553937 0.8635340 0.6841377 1.1581668 0.7687342 0.4237538 0.5177081 1.0477764 0.6755237 0.4684663 0.4560655 1.1963654 0.7960332 0.8373395 0.4823848 0.5934230 1.1784111 0.5159759 1.2824906 0.4281828 0.5170273 0.4524486 0.9969359 0.1149488 0.8562419 0.9204139 1.0317256 0.6534222 0.9183489 0.8391038 1.1980945 1.2374393 0.5353136 0.4599795 1.2392888 0.4585444 0.7899773 0.9685030 0.2069175 0.9395834 0.1160936 0.8247151 0.0793010 0.0885667 0.7528308 0.9763202 0.0815658 0.9572733 0.8658948 1.2495378 0.5334605 0.5183435 0.9715352 0.7611597 0.9793056 0.9481895 0.5353468 0.3992523 0.2121996 0.9706495 0.4664327 0.0901141 0.9738580 0.8764165 1.0010613 0.8595228 0.9650761 0.1319113 0.9693357 0.0575282 0.9693357 0.0544774 0.9506276 1.1431887 0.4461402 1.1980945 1.1936302 0.4478662 0.4425226 1.1936019 1.2680604 0.4552979 0.4451367 0.4568963 0.8095458 0.4603127 1.2130186 0.4648735 0.4385363 0.4258253 0.4292936 
tr|C0J3M4|C0J3M4_CHICK         0.9808916 0.8437357 1.0131594 0.9703646 0.0000000 1.0666654 1.6518831 1.0002237 1.1202169 1.0910783 1.1185246 1.1344975 0.9625932 0.9808819 0.9698510 1.0420854 1.1203887 1.0275740 1.1119849 1.0547250 1.0384009 1.2506545 1.0492038 1.0294616 0.9873121 0.9951841 0.9814124 1.1430353 1.1745708 1.1710362 1.1162005 1.0352742 1.1422059 1.0830520 1.1527583 1.0800296 1.1814959 1.1724527 1.1937556 1.0511332 1.1069160 1.0836177 0.9345383 0.6342491 0.9734718 0.8929387 1.3214109 0.3765183 1.2316328 1.1257992 1.1017024 1.1029485 0.2237055 0.8378831 0.9594191 1.1602946 1.0601619 1.1303429 1.1986254 1.0886758 1.0335771 1.0385753 0.0680549 0.9968665 1.0289451 0.9914218 0.8605718 0.9773718 0.8841439 1.0152741 1.1257247 1.1737377 1.2180526 1.1490579 1.1682216 1.1253528 0.9259490 0.1743831 0.9802438 0.0693013 0.9462839 0.0482438 0.7945611 0.7977124 0.0509664 0.0993269 0.7863792 0.0857704 0.0596354 1.1691694 1.1772850 1.1192158 0.8482946 0.9241031 0.8344048 0.3635182 1.0598820 1.0369585 0.9902118 0.1773311 1.1000153 0.9656930 0.0840234 1.0589883 0.8963569 0.7449434 0.0789733 0.9923242 0.0168927 0.9641103 0.0168927 0.9743793 1.1107198 0.9354113 1.1266443 1.1257247 1.1179736 1.1380659 1.1261161 1.1251582 1.1399749 1.0868537 1.0906799 1.1164128 1.0327074 1.1323998 1.1639184 1.1222989 1.0985607 1.1018212 1.1138569 
sp|Q61606|GLR_MOUSE            0.9518752 1.0666337 0.9881460 0.4676341 1.0666654 0.0000000 0.5601275 0.9729349 0.2450098 0.0921057 0.2389217 1.2390981 0.2539042 0.4703166 0.5700826 0.9754596 1.2183410 0.2538532 0.2497967 0.3475471 0.2198920 0.3109523 0.0568125 1.0329863 0.9693393 1.0315045 0.9871402 1.3066071 0.2400070 1.2490030 0.1919004 0.9714079 1.2131280 0.2132563 1.2592373 0.2284073 1.1597759 1.1495941 0.3370789 1.2164659 0.1741692 1.0291865 0.8252111 1.1712923 0.9493043 0.2561512 0.4388308 1.0434766 0.9054507 0.2523987 0.2515455 1.2151299 0.8951920 0.9541186 0.7498963 0.4072626 1.2159930 0.3223875 1.1762096 0.2230022 0.3205483 0.2441050 1.0945062 0.5050474 0.9982311 0.9770342 1.1195982 0.8637651 1.0305261 1.0353929 1.2227845 1.1472127 0.3488226 0.1924322 1.1559719 0.2509246 0.8961606 1.0454439 0.5009471 1.0237050 0.5043408 0.8540788 0.3152322 0.3387577 0.8010762 1.0178538 0.3629714 1.0497703 0.8609690 1.1436797 0.3476286 0.2241409 1.0596892 0.9422869 1.0740162 1.0052827 0.7275353 0.1680083 0.5109569 1.0444494 0.1101464 0.4705774 1.0610039 1.0466418 1.1065603 0.9573210 1.0605446 0.4995983 1.0735318 0.4991964 1.0735318 0.4936827 1.0659705 1.1744683 0.2492820 1.2227845 1.2126681 0.2520443 0.2491327 1.2181559 1.3032618 0.2397209 0.2669864 0.2607998 0.9704901 0.2757627 1.1964165 0.2878635 0.2113421 0.2222279 0.2116164 
tr|M3YIV3|M3YIV3_MUSPF         1.3912522 1.5345399 1.4427194 0.7946655 1.6518831 0.5601275 0.0000000 1.5364711 0.4965515 0.5551728 0.4961799 1.7938339 0.6213037 0.8004904 0.9415503 1.5129036 1.7655255 0.4107230 0.4856671 0.6630809 0.4404588 0.5889074 0.5690853 1.5834044 1.4215071 1.5514057 1.4260024 1.8354236 0.5195156 1.7702820 0.5081552 1.6152700 1.7998353 0.5526268 1.8211256 0.4719712 1.6188321 1.6227682 0.5747102 1.7344385 0.5246825 1.5831293 1.2800513 1.8892544 1.4995125 0.5142437 0.8444972 1.6979361 1.4472841 0.5306625 0.4848748 1.7284019 1.5540488 1.4058088 1.1612660 0.6088174 1.7942256 0.6126455 1.6416068 0.4517053 0.6053582 0.3851037 1.6962265 0.8468713 1.4203183 1.3943917 1.5831886 1.3454519 1.5365693 1.5852209 1.7939403 1.6178796 0.5807245 0.5518204 1.6299658 0.5081538 1.4072164 1.6778451 0.8291854 1.6061031 0.8255511 1.4938653 0.6861030 0.7401885 1.3749042 1.6455892 0.7174063 1.6288401 1.4704571 1.6733128 0.5812923 0.5860745 1.5084700 1.3707001 1.5550857 1.6346856 1.1987945 0.4806790 0.8432645 1.6724452 0.6113567 0.8119578 1.6693714 1.5890268 1.6163524 1.4554084 1.6708134 0.8268499 1.6780119 0.8226192 1.6780119 0.8198584 1.4982907 1.6546519 0.5006509 1.7939403 1.7850061 0.4989665 0.5040343 1.7930449 1.9122156 0.4795629 0.3838491 0.3870110 1.4877927 0.5493238 1.8239093 0.2074105 0.4206204 0.4242084 0.4101208 
tr|A0A3B3HYZ9|A0A3B3HYZ9_ORYLA 0.5615092 1.0595988 0.7052852 0.8026097 1.0002237 0.9729349 1.5364711 0.0000000 1.0610113 0.9759353 1.0311433 1.1314200 0.9946085 0.8003980 0.7863301 0.9277626 1.1392597 0.9988155 1.0545928 0.8698685 0.9309907 1.0859779 0.9609035 0.2674774 0.7540000 0.2500405 0.7225746 1.1846259 1.0095202 1.1735688 0.8808583 0.2897805 1.1276953 1.0132322 1.1261705 1.0251860 1.3173779 1.2890050 1.2055112 1.0881781 0.9725996 0.2902498 0.6329895 1.1206228 0.1758256 0.8804636 1.0619335 1.0349626 1.0277144 1.0527537 0.9850337 1.1604708 0.8702323 0.9684894 0.7116434 1.1318822 1.0822948 1.1082942 1.3764519 0.9845251 1.0440982 1.0097994 1.0176074 0.8063234 0.5333313 0.8350688 1.1022534 0.6234414 1.0324713 0.2650302 1.1207334 1.3026700 1.1865659 0.9982644 1.3247130 1.0329762 0.6300336 0.9615218 0.8800547 0.9564261 0.7969274 0.8364717 0.5821370 0.6020655 0.8045598 1.0217968 0.6003185 0.9593138 0.8471846 1.3820062 1.0119066 1.0396494 1.0621576 0.3518942 1.0506323 1.0142396 0.8485533 0.8576510 0.8751877 0.9591514 0.9610886 0.8029208 0.9712334 0.2341981 1.1022326 0.9165313 1.0173306 0.7951202 1.0019374 0.8013740 1.0019374 0.7941191 0.6114739 1.2270982 1.0328673 1.1207334 1.1207334 1.0487577 1.0384197 1.1163199 1.1385318 1.0297593 1.0610499 1.0378674 0.1843476 1.0063805 1.1504943 1.0012853 0.9990850 0.9818197 0.9891286 
tr|G1RH24|G1RH24_NOMLE         1.0222876 1.0223776 1.0645914 0.4522234 1.1202169 0.2450098 0.4965515 1.0610113 0.0000000 0.2562948 0.0461967 1.2350914 0.0461282 0.4648597 0.5343271 0.9335587 1.2054989 0.2064047 0.0555127 0.3630072 0.1578384 0.2823766 0.2602401 1.0832629 1.0640958 1.1127528 1.0839427 1.3018631 0.2420756 1.2394235 0.1467843 1.0457608 1.2365893 0.2362438 1.2519909 0.0436024 1.1307663 1.1222433 0.1839241 1.2156766 0.1988468 1.0822125 0.8668310 1.2655177 1.0549179 0.2206457 0.4815991 1.1146001 0.9223644 0.0987596 0.2285294 1.2072793 0.9198257 0.9091936 0.7690594 0.3597746 1.2280936 0.1167922 1.1173828 0.1874765 0.2632101 0.1912689 1.1305191 0.4998670 1.0651333 1.0197921 1.0654884 0.8910529 1.0097137 1.0916612 1.2326100 1.1205657 0.1847740 0.2197606 1.1222548 0.0653612 0.9573568 1.1078810 0.4721127 1.0736028 0.4869194 0.9090965 0.3187403 0.3405008 0.8434707 1.0737069 0.3613897 1.0857210 0.9353263 1.0956530 0.2874614 0.2528580 1.0303651 1.0059357 1.0671642 1.0775250 0.7545239 0.1556133 0.4893405 1.1068567 0.2704967 0.4660213 1.0951316 1.1152320 1.0935925 0.9230424 1.0856936 0.4965889 1.1107614 0.4791274 1.1107614 0.4865148 1.1086220 1.1237169 0.0580460 1.2326100 1.2265793 0.0603275 0.0580264 1.2279599 1.3124408 0.0481913 0.1938320 0.1939235 1.0356210 0.2495173 1.2414645 0.2438602 0.1740242 0.1774356 0.1703384 
tr|G3GX77|G3GX77_CRIGR         0.9375057 1.0665608 0.9738326 0.4780448 1.0910783 0.0921057 0.5551728 0.9759353 0.2562948 0.0000000 0.2465619 1.2196357 0.2581425 0.4807029 0.5760581 0.9545920 1.2130945 0.2565376 0.2449659 0.3519274 0.2294005 0.3429476 0.0957372 1.0448627 0.9697073 1.0332034 0.9852449 1.3113209 0.2394237 1.2459643 0.1973073 0.9958026 1.2161929 0.2115216 1.2541380 0.2359914 1.1686000 1.1584053 0.3422630 1.2130863 0.1838449 1.0474405 0.8316142 1.2107200 0.9555655 0.2614583 0.4446219 1.0314988 0.9079463 0.2547397 0.2436043 1.2038955 0.9085200 0.9290727 0.7272788 0.4039207 1.2153728 0.3394885 1.1897083 0.2392979 0.3332655 0.2422354 1.1176265 0.5118202 0.9874937 0.9523364 1.1001715 0.8587522 1.0384981 1.0487886 1.2140676 1.1560337 0.3558981 0.1955817 1.1648005 0.2766825 0.9149623 1.0778950 0.5094469 1.0472004 0.4994145 0.8782306 0.3245858 0.3593727 0.8123746 1.0094537 0.3854175 1.0733238 0.8633923 1.1520891 0.3497795 0.2269140 1.0521470 0.9251843 1.0675105 1.0020511 0.7312779 0.1762493 0.5195142 1.0821442 0.0803282 0.4771425 1.0809603 1.0390689 1.0997638 0.9301056 1.0832289 0.5063862 1.0854806 0.5081789 1.0854806 0.5071781 1.0507435 1.1603532 0.2655017 1.2140676 1.2081783 0.2682561 0.2633776 1.2094991 1.3137149 0.2351216 0.2655020 0.2652086 0.9821420 0.3051395 1.2071436 0.2947955 0.2232537 0.2308406 0.2232803 
tr|G3R9V0|G3R9V0_GORGO         0.9906849 0.9986343 1.0298723 0.4549171 1.1185246 0.2389217 0.4961799 1.0311433 0.0461967 0.2465619 0.0000000 1.2147148 0.0319747 0.4676741 0.5479531 0.9383929 1.1999651 0.2135927 0.0259228 0.3607111 0.1582862 0.2736281 0.2532723 1.0660603 1.0359016 1.0805425 1.0538628 1.2902027 0.2485752 1.2278999 0.1559435 1.0416280 1.2309932 0.2412462 1.2313601 0.0261349 1.1396709 1.1310231 0.1991428 1.2035919 0.1931090 1.0579043 0.8605501 1.2728847 1.0291986 0.2173330 0.4755974 1.1010457 0.9422763 0.1109980 0.2357004 1.1945429 0.9320730 0.8984172 0.7588876 0.3701856 1.2071896 0.1224645 1.1079059 0.1856074 0.2748591 0.1965771 1.1160935 0.5030954 1.0425960 1.0145015 1.0336886 0.8693946 0.9799484 1.0735505 1.2122057 1.1293282 0.2057078 0.2168498 1.1310490 0.0706359 0.9320378 1.1062918 0.4754314 1.0684616 0.4900672 0.9065162 0.3204600 0.3362695 0.8353268 1.0824794 0.3610016 1.0868197 0.9388539 1.1007284 0.3106686 0.2541668 1.0060766 0.9797473 1.0350493 1.0618082 0.7628064 0.1583010 0.4924053 1.1052669 0.2623062 0.4709519 1.0935538 1.0874108 1.0605688 0.9047390 1.0753186 0.4997925 1.1090739 0.4821261 1.1090739 0.4895856 1.1015528 1.1180343 0.0629393 1.2122057 1.2062342 0.0652391 0.0629176 1.2075705 1.2911279 0.0306348 0.2053143 0.1999535 1.0082211 0.2435473 1.2297902 0.2439794 0.1716968 0.1694387 0.1673679 
tr|H2PIX8|H2PIX8_PONAB         1.1573862 1.2446376 1.0495459 1.2007914 1.1344975 1.2390981 1.7938339 1.1314200 1.2350914 1.2196357 1.2147148 0.0000000 1.0924138 1.2368430 1.1709358 1.2236388 0.0774412 1.1773816 1.2066213 1.1310426 1.1472721 1.3857668 1.2176128 1.1918090 1.1365084 1.1592747 1.1042733 0.1058040 1.2693717 0.0567411 1.1606331 1.1518596 0.0943496 1.2177916 0.0175458 1.2108513 1.4009118 1.3877260 1.4440407 0.0852727 1.1922923 1.1541450 1.0019853 1.2721055 1.1167650 1.0700989 1.3709590 1.2880468 1.4446038 1.2598655 1.1628509 0.0704845 1.0897339 1.1558633 1.0960825 1.3855294 0.0254519 1.2602810 1.4112696 1.2028901 1.1834994 1.2015312 1.2067895 1.1679891 1.1734472 1.0806642 1.2510480 1.0990310 1.1972802 1.1929055 0.0242377 1.3678817 1.3791501 1.2362677 1.3824342 1.2265569 1.0919521 1.2133959 1.1895537 1.1434544 1.1586753 0.9941450 0.9328761 0.9155792 0.9802635 1.1193349 0.9627533 1.1477070 1.0302879 1.4841402 1.1983027 1.2682182 1.1798072 1.1054397 1.1898778 1.2759822 1.2224183 1.1257065 1.2069249 1.2255927 1.2348303 1.1560298 1.1443156 1.2211529 1.2566516 1.0500927 1.1656381 1.1608253 1.1433409 1.1876268 1.1433409 1.2012809 1.2812440 1.4651538 1.2380429 0.0242377 0.0197798 1.2513115 1.2452149 0.0220203 0.0395441 1.1918747 1.1838784 1.1744001 1.1381377 1.1803679 0.0928734 1.1739930 1.1788981 1.1776322 1.2068302 
tr|K7EUR9|K7EUR9_PONAB         0.9182159 0.8366649 0.9856933 0.4502897 0.9625932 0.2539042 0.6213037 0.9946085 0.0461282 0.2581425 0.0319747 1.0924138 0.0000000 0.4574636 0.5079618 0.8349284 1.0794951 0.2280589 0.0411336 0.3629494 0.1704713 0.3308875 0.2629001 0.9854786 0.9492661 1.0206481 0.9986960 1.1091684 0.2612068 1.1141067 0.1289815 1.0097293 1.1136206 0.2459379 1.1003529 0.0258204 1.0700415 1.0603851 0.2638465 1.1149173 0.1910874 1.0255536 0.7275079 1.0713017 0.9520617 0.2300826 0.5780083 0.9525058 0.6971142 0.0964765 0.2440334 1.0759138 0.9044636 0.7762293 0.6592387 0.3339089 1.0717696 0.1516214 1.0573435 0.1972238 0.2834128 0.2092393 0.9687984 0.4681974 0.9622598 0.9230981 0.8833898 0.8033823 0.7958767 0.9844243 1.0790850 1.0597880 0.2764863 0.2210314 1.0607421 0.0774351 0.9539925 0.9116643 0.4537105 0.9336636 0.4633493 0.9213150 0.3098585 0.3283320 0.8359365 1.0640341 0.3382799 0.9571742 0.8883723 1.0280415 0.2912998 0.2414237 0.8595941 0.9340253 0.8731102 0.9790758 0.7301466 0.1554793 0.4702160 0.9199350 0.2772983 0.4567757 0.9652749 1.0511112 0.8724318 0.8435090 0.9490436 0.4522269 0.9627402 0.4797063 0.9627402 0.4811826 1.0137938 1.0044444 0.0735533 1.0790850 1.0717696 0.0765846 0.0735190 1.0730961 1.1051685 0.0288156 0.2180654 0.2194082 0.9643026 0.2646496 1.0496296 0.2544102 0.1870927 0.1848841 0.1684918 
tr|G1N1K7|G1N1K7_MELGA         0.8381337 0.9835715 0.8658605 0.0204419 0.9808819 0.4703166 0.8004904 0.8003980 0.4648597 0.4807029 0.4676741 1.2368430 0.4574636 0.0000000 0.2706023 0.8431547 1.2025242 0.4557800 0.4823257 0.3904242 0.4074859 0.5547715 0.4652632 0.8405643 0.8930581 0.8541457 0.8799264 1.2454737 0.4745867 1.2504685 0.3768667 0.8399915 1.2203973 0.4741574 1.2650689 0.4552639 1.2481949 1.2338233 0.5545008 1.1971100 0.4612314 0.8599493 0.6862000 1.1703932 0.7638993 0.4264137 0.5201727 1.0392939 0.6812836 0.4743111 0.4619775 1.2325142 0.8017105 0.8307765 0.4984273 0.5997757 1.2149230 0.5356224 1.3029199 0.4406975 0.5239435 0.4582493 1.0076257 0.1277490 0.8638480 0.9212999 1.0343641 0.6510805 0.9333080 0.8345485 1.2341928 1.2525572 0.5495828 0.4658316 1.2544395 0.4712359 0.7860755 0.9764388 0.2209839 0.9501204 0.1288712 0.8356528 0.0981076 0.1053497 0.7636337 0.9874549 0.0960188 0.9676971 0.8768427 1.2652166 0.5453477 0.5267144 0.9806808 0.7586298 0.9885074 0.9444283 0.5311601 0.4057801 0.2263130 0.9785746 0.4691027 0.1022473 0.9844113 0.8717737 1.0106331 0.8638479 0.9758340 0.1425789 0.9798779 0.0616524 0.9798779 0.0569565 0.9582543 1.1461177 0.4587839 1.2341928 1.2296073 0.4663937 0.4551477 1.2296495 1.3058388 0.4679399 0.4546266 0.4681924 0.8051550 0.4630153 1.2496859 0.4685451 0.4437677 0.4316380 0.4351376 
tr|G1KKF1|G1KKF1_ANOCA         0.8079818 1.0216540 0.8716599 0.2571756 0.9698510 0.5700826 0.9415503 0.7863301 0.5343271 0.5760581 0.5479531 1.1709358 0.5079618 0.2706023 0.0000000 0.8668185 1.1773304 0.5333707 0.5450986 0.4273945 0.4784619 0.6288403 0.5607514 0.8286101 0.8898060 0.8690856 0.8689051 1.2195510 0.5487612 1.2066497 0.4288473 0.8353931 1.2119668 0.5672350 1.1980709 0.5300091 1.2677619 1.2621526 0.6471497 1.1668166 0.5399542 0.8685354 0.7260942 1.1341684 0.7547503 0.4799219 0.5551752 1.0489475 0.6527884 0.5733731 0.5610946 1.2020595 0.8277295 0.9043217 0.5323869 0.6796639 1.1554310 0.6266640 1.2878851 0.5091047 0.6089048 0.5307158 0.9721949 0.2753420 0.8787857 0.8980355 1.0484240 0.6570785 0.9500069 0.8449693 1.1710585 1.2712971 0.6464657 0.5546648 1.2769721 0.5631639 0.7414156 0.9489208 0.2845645 0.9241376 0.2968010 0.7944482 0.1648746 0.2086021 0.7477162 0.9400572 0.2036195 0.9723564 0.8157092 1.2634129 0.5922726 0.5996583 0.9909701 0.7568067 0.9905679 1.0222433 0.5619095 0.4172740 0.2877120 0.9433148 0.5565062 0.2770298 0.9757553 0.8527303 1.0159451 0.8195233 0.9486703 0.2891058 0.9761577 0.3031404 0.9761577 0.2913724 0.9442734 1.1425285 0.5452345 1.1710585 1.1683224 0.5561325 0.5411463 1.1666227 1.2363557 0.5288385 0.5238438 0.5189686 0.7807027 0.5656746 1.1940210 0.5506585 0.5152924 0.5052571 0.5081779 
tr|H9GFA6|H9GFA6_ANOCA         0.9483184 0.7594347 0.9927931 0.8330254 1.0420854 0.9754596 1.5129036 0.9277626 0.9335587 0.9545920 0.9383929 1.2236388 0.8349284 0.8431547 0.8668185 0.0000000 1.2153357 0.9145001 0.9419325 0.8998231 0.8840758 0.9954084 0.9495220 0.9939283 1.0036073 1.0045984 0.9660884 1.2395183 0.9752902 1.2204869 0.9293981 0.9451971 1.1704313 0.9148759 1.2062364 0.9098719 0.7780568 0.7945460 0.9937041 1.1714158 0.9468055 1.0248263 0.9622424 1.2174752 0.9279598 0.7601190 1.1511659 1.0620736 1.1224825 0.9511704 0.9249742 1.2042915 0.8603172 0.5545878 0.8793276 1.1042858 1.1775935 0.9197957 0.7898094 0.9030705 0.8490506 0.9093233 1.0569742 0.8383398 0.9649646 0.9995254 0.7095751 0.9367937 0.6684377 0.9933611 1.2134622 0.7809784 1.0369291 0.9343603 0.7900158 0.8904993 0.8017770 1.0557712 0.8313664 1.0459822 0.8200317 0.8959691 0.7249178 0.7025402 0.8450978 1.0317649 0.7106532 1.0474141 0.9399463 0.8343824 1.0307269 1.0038802 0.7308544 0.9114899 0.7393952 1.0420713 0.9955847 0.9434702 0.8401956 1.0664693 0.9861876 0.8165540 1.0543495 1.0801755 0.7770484 0.5850110 1.0372182 0.8207505 1.0424721 0.8306066 1.0424721 0.8336008 1.0802039 0.8434333 0.9030786 1.2134622 1.2093861 0.9073991 0.9016882 1.2128570 1.2297183 0.9188241 0.9352563 0.9271781 0.9410102 0.9164514 1.2353116 0.9429026 0.9537157 0.9244815 0.9475350 
tr|G1SGD4|G1SGD4_RABIT         1.1570510 1.2260219 1.0468807 1.1654432 1.1203887 1.2183410 1.7655255 1.1392597 1.2054989 1.2130945 1.1999651 0.0774412 1.0794951 1.2025242 1.1773304 1.2153357 0.0000000 1.1494427 1.1900462 1.1142395 1.1255381 1.3714771 1.1990245 1.1571764 1.1119261 1.1489157 1.0681894 0.1018657 1.2676404 0.0629271 1.1453293 1.1318419 0.0817878 1.2118235 0.0802701 1.1962434 1.3562910 1.3434674 1.3943188 0.0755267 1.1710959 1.1298722 0.9704423 1.2766206 1.1121057 1.0633529 1.3619790 1.2804989 1.4071371 1.2309539 1.1316669 0.0720569 1.0563602 1.1303523 1.0939450 1.3516074 0.0863946 1.2133164 1.3810614 1.1917494 1.1456074 1.1739263 1.1637651 1.1373839 1.1545998 1.0813318 1.2410091 1.0699584 1.2036562 1.1582474 0.0797392 1.3243081 1.3275243 1.2104234 1.3384140 1.1898044 1.0634129 1.1962387 1.1555444 1.1272880 1.1329951 0.9555469 0.8861376 0.8885744 0.9450140 1.1088288 0.9195161 1.1195388 1.0294129 1.4250028 1.1897341 1.2328692 1.1832061 1.0664752 1.1926583 1.2656016 1.2006267 1.1106930 1.1725451 1.2025285 1.2201755 1.1226911 1.1197346 1.2135507 1.2584075 1.0481788 1.1233606 1.1375036 1.1233231 1.1574097 1.1233231 1.1708984 1.2598448 1.4601502 1.1922517 0.0797392 0.0796536 1.2050760 1.1991555 0.0774184 0.1018028 1.1755850 1.1500368 1.1350565 1.0983330 1.1685978 0.1000023 1.1505523 1.1675597 1.1577421 1.1865709 
tr|E2R517|E2R517_CANLF         0.9691082 0.9769434 0.9877905 0.4530854 1.0275740 0.2538532 0.4107230 0.9988155 0.2064047 0.2565376 0.2135927 1.1773816 0.2280589 0.4557800 0.5333707 0.9145001 1.1494427 0.0000000 0.2078594 0.3507860 0.1576233 0.2854554 0.2664450 1.0327834 0.9868358 1.0526413 0.9936284 1.2409543 0.2544372 1.1936271 0.1691621 1.0076424 1.1986609 0.2433647 1.2087715 0.1950124 1.1198176 1.1029095 0.3085821 1.1717351 0.2085641 1.0348737 0.8169753 1.1706359 0.9694587 0.2071653 0.4285904 1.0467411 0.9510891 0.2195022 0.2046024 1.1703473 0.8961673 0.8848218 0.7499409 0.3046312 1.1726136 0.2770727 1.1295700 0.1967041 0.2642888 0.1448147 1.0399051 0.5063185 0.9889006 0.9589508 1.0249485 0.8832581 0.9837071 1.0454257 1.1724740 1.1040645 0.3130990 0.2353684 1.1176437 0.2227560 0.9037915 1.0051223 0.4825571 0.9840360 0.4764399 0.8379594 0.2978097 0.3246724 0.7729300 0.9837232 0.3344748 0.9989883 0.8618846 1.0650261 0.2660347 0.2661413 0.9927535 0.9385397 1.0080252 1.0298142 0.7573132 0.1514364 0.4994991 1.0021894 0.2585457 0.4699013 1.0100087 1.0444607 1.0427662 0.8758121 0.9938137 0.5038824 1.0305084 0.4729051 1.0305084 0.4802897 1.0623739 1.1256316 0.2133727 1.1724740 1.1666984 0.2160818 0.2132545 1.1766277 1.2498456 0.1976123 0.1512497 0.1451700 0.9829695 0.2485885 1.2049823 0.1773307 0.1630512 0.1653196 0.1605755 
tr|H2RC88|H2RC88_PANTR         1.0028774 1.0250229 1.0389391 0.4695160 1.1119849 0.2497967 0.4856671 1.0545928 0.0555127 0.2449659 0.0259228 1.2066213 0.0411336 0.4823257 0.5450986 0.9419325 1.1900462 0.2078594 0.0000000 0.3723165 0.1661521 0.2748370 0.2628551 1.0921078 1.0605027 1.1057928 1.0720082 1.2863211 0.2476321 1.2197148 0.1611754 1.0586351 1.2227249 0.2404684 1.2230742 0.0262172 1.1476360 1.1389057 0.2010407 1.2008597 0.1972349 1.0745054 0.8794280 1.2737640 1.0470115 0.2181518 0.4931022 1.1059797 0.9437010 0.1094406 0.2322828 1.1935916 0.9457245 0.9221573 0.7649138 0.3599892 1.2044472 0.1333490 1.1160516 0.1890768 0.2715685 0.1909970 1.1122049 0.5162088 1.0583491 1.0166152 1.0615713 0.8869509 1.0064779 1.0971140 1.2041145 1.1223000 0.2066502 0.2145371 1.1282690 0.0803778 0.9394553 1.1133945 0.4766602 1.0566864 0.5054308 0.9117971 0.3275015 0.3489024 0.8450896 1.0940007 0.3729742 1.0803334 0.9416617 1.0958746 0.3089685 0.2464411 1.0292716 0.9955849 1.0589341 1.0666075 0.7847977 0.1617793 0.4935656 1.1123643 0.2672151 0.4878131 1.0897074 1.1056417 1.0851749 0.9224561 1.0714356 0.5129167 1.1025531 0.4886550 1.1025531 0.4961141 1.1352670 1.1290277 0.0772193 1.2041145 1.1981997 0.0795547 0.0771913 1.1995107 1.2822567 0.0086394 0.2020242 0.2038811 1.0288062 0.2492917 1.2303935 0.2427311 0.1643851 0.1692261 0.1636353 
tr|F6Q5D8|F6Q5D8_MONDO         0.8964373 1.0083813 0.9613921 0.3867849 1.0547250 0.3475471 0.6630809 0.8698685 0.3630072 0.3519274 0.3607111 1.1310426 0.3629494 0.3904242 0.4273945 0.8998231 1.1142395 0.3507860 0.3723165 0.0000000 0.2918173 0.4425221 0.3526856 0.9304850 0.8996796 0.9463297 0.9370791 1.1787851 0.3903231 1.1298778 0.2729900 0.8831536 1.1232168 0.3708104 1.1650314 0.3551838 1.1613837 1.1499523 0.4332367 1.0773511 0.3500469 0.9414540 0.7243841 1.2230431 0.8674725 0.3094072 0.1724732 1.0415838 0.8042005 0.3697937 0.3638728 1.1146562 0.8689769 0.8947069 0.6130571 0.4700440 1.0909370 0.4338667 1.1728510 0.3305654 0.4356310 0.3275516 1.0832263 0.4147183 0.9357398 0.9137061 1.0348395 0.7227655 0.9924830 0.9118768 1.1280048 1.1491787 0.4405602 0.3831456 1.1621829 0.3782855 0.8657052 1.0359008 0.3714467 1.0168657 0.3992726 0.8525711 0.2100444 0.2379180 0.8206340 0.9930550 0.2473464 1.0304742 0.8601816 1.1502064 0.4137145 0.4174803 1.0181833 0.8448006 1.0351352 1.0114317 0.6859956 0.2623388 0.3904594 1.0341590 0.3641799 0.3795279 1.0471425 0.9121134 1.0532280 0.8814616 1.0422006 0.4251738 1.0531778 0.4104832 1.0531778 0.4017094 0.9860771 1.1006078 0.3541416 1.1280048 1.1200835 0.3571579 0.3508029 1.1235736 1.1789825 0.3600278 0.3388241 0.3294352 0.8893896 0.3418656 1.1162951 0.3531393 0.3328114 0.3210647 0.3269379 
tr|F6Q776|F6Q776_HORSE         0.8934182 0.9879904 0.8891552 0.4046901 1.0384009 0.2198920 0.4404588 0.9309907 0.1578384 0.2294005 0.1582862 1.1472721 0.1704713 0.4074859 0.4784619 0.8840758 1.1255381 0.1576233 0.1661521 0.2918173 0.0000000 0.1931820 0.2360338 0.9702305 0.9323438 0.9708969 0.9370255 1.2112169 0.2077246 1.1603301 0.1373861 0.9181922 1.1488725 0.2072597 1.1761213 0.1552541 1.0936005 1.0854866 0.2609657 1.1287777 0.1701989 0.9399439 0.7734689 1.1722508 0.8983397 0.1517129 0.3834127 1.0587920 0.8461047 0.1801850 0.1488441 1.1274074 0.8537618 0.8714642 0.6848744 0.2923109 1.1429059 0.2181627 1.1192191 0.1266969 0.2218822 0.1255297 1.0651025 0.4401814 0.9224835 0.9079492 1.0306454 0.7949561 0.9592175 0.9822777 1.1383618 1.0838577 0.2737864 0.1894879 1.0932425 0.1741447 0.8586258 1.0144555 0.4258954 1.0005897 0.4230625 0.8583773 0.2566697 0.2832439 0.7926338 0.9757194 0.3019488 1.0101306 0.8586566 1.0979327 0.2621489 0.2523875 0.9756027 0.8672305 0.9896479 1.0085261 0.6771297 0.1199021 0.4418977 1.0134980 0.2476978 0.4104651 1.0186524 0.9730320 1.0192678 0.8685835 1.0201611 0.4314406 1.0369702 0.4341896 1.0369702 0.4334899 0.9819839 1.1546456 0.1571651 1.1383618 1.1328454 0.1597570 0.1570898 1.1339627 1.2217849 0.1566428 0.1474906 0.1469621 0.9149475 0.1737213 1.1424505 0.1870973 0.0894641 0.0924692 0.0893302 
tr|W5Q9S8|W5Q9S8_SHEEP         1.0462681 1.1808417 1.1082194 0.5411197 1.2506545 0.3109523 0.5889074 1.0859779 0.2823766 0.3429476 0.2736281 1.3857668 0.3308875 0.5547715 0.6288403 0.9954084 1.3714771 0.2854554 0.2748370 0.4425221 0.1931820 0.0000000 0.3377962 1.1109122 1.1105473 1.1302594 1.1008336 1.4601705 0.3280247 1.4125990 0.2463708 1.1169012 1.3879728 0.3157937 1.3965476 0.2684766 1.3212843 1.3257238 0.3916575 1.3266707 0.2777071 1.1364110 0.9413690 1.2899190 1.0409893 0.2820398 0.5621967 1.2474529 1.0572637 0.3008064 0.2229429 1.3711092 1.1262212 1.0417086 0.8626040 0.4652290 1.3811899 0.3402814 1.3059544 0.1074011 0.3671248 0.2561223 1.2790229 0.5788598 1.1180079 1.1004079 1.2294674 0.9875991 1.1540053 1.1223854 1.3875843 1.3216534 0.3915849 0.2890851 1.3337225 0.2875378 1.0284340 1.2464129 0.5755822 1.2142990 0.5716057 1.0552680 0.3982652 0.3141042 0.9787163 1.2125495 0.4267051 1.2307138 1.0590214 1.3008027 0.3966665 0.3748895 1.1722568 1.0414938 1.1882063 1.1901420 0.8288351 0.2358944 0.5948032 1.2453300 0.3497913 0.5374077 1.2454156 1.1421863 1.2260003 1.0765145 1.2309411 0.5683735 1.2498692 0.5564418 1.2498692 0.5551684 1.1959714 1.3701919 0.2660636 1.3875843 1.3836764 0.2721302 0.2689992 1.3824819 1.4421876 0.2704789 0.2766096 0.2725928 1.0856416 0.3228128 1.3903064 0.2890997 0.1579975 0.1615152 0.1636860 
sp|P30082|GLR_RAT              0.9225910 1.0136502 0.9527619 0.4559196 1.0492038 0.0568125 0.5690853 0.9609035 0.2602401 0.0957372 0.2532723 1.2176128 0.2629001 0.4652632 0.5607514 0.9495220 1.1990245 0.2664450 0.2628551 0.3526856 0.2360338 0.3377962 0.0000000 1.0025231 0.9336629 1.0161396 0.9552004 1.2839254 0.2516153 1.2273263 0.2133241 0.9406078 1.1951673 0.2286001 1.2499312 0.2425048 1.1727488 1.1479942 0.3578668 1.1941040 0.1930340 1.0083480 0.7937853 1.1607743 0.9220642 0.2710365 0.4399182 1.0210123 0.8899594 0.2791747 0.2672872 1.1922975 0.8835923 0.9117204 0.7060547 0.4260512 1.1988518 0.3376397 1.2042433 0.2398402 0.3463855 0.2580599 1.0803640 0.4907107 0.9586682 0.9362741 1.0717882 0.8301106 0.9794288 1.0049876 1.2137752 1.1600730 0.3693244 0.2062438 1.1689189 0.2747214 0.8785245 1.0307530 0.4941811 1.0058324 0.4878683 0.8433075 0.3047056 0.3345860 0.7925746 0.9872497 0.3472284 1.0368883 0.8316840 1.1597651 0.3591222 0.2398021 0.9965948 0.9231906 0.9931954 0.9851300 0.7009825 0.1997416 0.5041212 1.0297737 0.1144289 0.4648264 1.0478706 1.0268704 1.0228295 0.8877626 1.0516135 0.4853986 1.0582536 0.4886711 1.0582536 0.4832849 1.0289069 1.1537947 0.2635401 1.2137752 1.2037334 0.2663031 0.2633789 1.2091716 1.2910162 0.2525597 0.2718040 0.2686213 0.9538041 0.3094344 1.1946074 0.3003079 0.2306063 0.2380275 0.2271917 
tr|A0A3B5Q0S7|A0A3B5Q0S7_XIPMA 0.6315253 1.0964073 0.8124692 0.8451511 1.0294616 1.0329863 1.5834044 0.2674774 1.0832629 1.0448627 1.0660603 1.1918090 0.9854786 0.8405643 0.8286101 0.9939283 1.1571764 1.0327834 1.0921078 0.9304850 0.9702305 1.1109122 1.0025231 0.0000000 0.8207093 0.3042602 0.7581903 1.2294129 1.0310526 1.2018023 0.9217732 0.3597950 1.2039002 1.0719067 1.1965714 1.0556166 1.3362717 1.3061594 1.2686873 1.1352261 1.0317910 0.3231994 0.6496083 1.1529306 0.2635919 0.8737361 1.1494166 1.0489426 1.0008906 1.0659154 1.0288135 1.2019225 0.9121906 1.0665149 0.7560011 1.2764932 1.1578006 1.1679443 1.4081149 1.0052701 1.1498330 1.0482690 1.0599909 0.8678510 0.5677104 0.8657026 1.1648367 0.6660722 1.1245808 0.0267271 1.1868219 1.3353081 1.2480830 1.0489873 1.3419360 1.0641947 0.6706058 1.0089119 0.9042024 1.0110888 0.8485392 0.8701894 0.6072182 0.5981173 0.8409425 1.0522709 0.5988523 0.9931860 0.8841999 1.4095582 1.0517264 1.0521188 1.1242886 0.4391646 1.1176749 1.0239079 0.8181295 0.8963757 0.9123293 0.9991303 1.0195240 0.8235266 1.0069513 0.2943357 1.1364337 0.9864431 1.0519367 0.8659282 1.0322949 0.8376003 1.0322949 0.8358771 0.7105004 1.3185952 1.0812795 1.1868219 1.1868219 1.1073152 1.0871484 1.1822468 1.2058083 1.0662412 1.0891273 1.0580396 0.2550395 1.0431128 1.2086281 1.0438537 1.0382834 1.0189789 1.0280551 
tr|M4ADN5|M4ADN5_XIPMA         0.6259745 1.1598362 0.4181565 0.8906353 0.9873121 0.9693393 1.4215071 0.7540000 1.0640958 0.9697073 1.0359016 1.1365084 0.9492661 0.8930581 0.8898060 1.0036073 1.1119261 0.9868358 1.0605027 0.8996796 0.9323438 1.1105473 0.9336629 0.8207093 0.0000000 0.7694166 0.1634711 1.1642005 1.0102029 1.1225652 0.9092499 0.7913434 1.1344127 1.0198211 1.1518827 1.0201299 1.4055951 1.3809169 1.1525209 1.0977897 0.9755077 0.7888070 0.2120831 1.1750216 0.6977651 0.8578453 1.1194435 1.0504376 0.9397167 1.0471006 0.9887260 1.1085395 0.9053185 1.0717343 0.7066608 1.1560421 1.1193638 1.0526468 1.3923662 0.9551967 1.0146292 1.0032095 1.0203479 0.8922651 0.6486258 0.5710572 1.1264350 0.5969389 1.1229729 0.7933831 1.1234465 1.3884470 1.1471962 1.0069376 1.3902829 1.0444823 0.5479736 1.0399316 0.8911073 0.9904845 0.8600197 0.8381135 0.6446088 0.6695520 0.8225140 1.0516592 0.6737922 0.9967116 0.9026940 1.4052338 1.0362380 1.0542624 1.1514675 0.6638286 1.1663385 1.0569416 0.8516530 0.8909848 0.9003381 1.0573369 0.9655844 0.8758033 1.0127998 0.7677970 1.1976445 1.0469357 0.9856883 0.8763024 1.0027165 0.8839303 1.0027165 0.8792038 0.7264677 1.2954540 1.0412098 1.1234465 1.1253874 1.0489941 1.0351815 1.1190077 1.1905102 1.0357434 1.0131054 0.9991875 0.7318857 0.9995259 1.1586544 0.9521304 0.9590236 0.9490653 0.9566036 
tr|I3J0U5|I3J0U5_ORENI         0.5385759 1.0839072 0.7503606 0.8596870 0.9951841 1.0315045 1.5514057 0.2500405 1.1127528 1.0332034 1.0805425 1.1592747 1.0206481 0.8541457 0.8690856 1.0045984 1.1489157 1.0526413 1.1057928 0.9463297 0.9708969 1.1302594 1.0161396 0.3042602 0.7694166 0.0000000 0.7370554 1.2014029 1.0639388 1.1814067 0.9461683 0.3317085 1.1625562 1.0637377 1.1539736 1.0662515 1.3815384 1.3502064 1.2774493 1.1086683 1.0295778 0.3149753 0.6320583 1.1441770 0.2391492 0.9102367 1.1509896 1.0116372 1.0149638 1.0888084 1.0209707 1.1728379 0.8625590 0.9997903 0.7268587 1.2283636 1.1137899 1.1723391 1.4085986 1.0211449 1.1043588 1.0686189 0.9846022 0.8639966 0.5075720 0.7988911 1.1488129 0.6304895 1.0861033 0.3039614 1.1472161 1.3555062 1.2608307 1.0541188 1.3751731 1.0754568 0.6557902 0.9678743 0.9100560 0.9567723 0.8556523 0.8224708 0.6425353 0.6523710 0.8123160 1.0128315 0.6545820 0.9490932 0.8416172 1.4116558 1.0388710 1.1107727 1.0912602 0.3771362 1.1158033 0.9756304 0.8612166 0.9356066 0.9204507 0.9654838 1.0163215 0.8565815 0.9459873 0.3092836 1.1294150 0.9581760 0.9748327 0.8503138 0.9977996 0.8555562 0.9977996 0.8537870 0.6344272 1.2677299 1.0994366 1.1472161 1.1472161 1.1200375 1.1013999 1.1427929 1.1622247 1.0797622 1.0953221 1.0809556 0.2280435 1.0553473 1.1711975 1.0327350 1.0376238 1.0140940 1.0274327 
tr|I3KHY5|I3KHY5_ORENI         0.6473130 1.1286745 0.4057494 0.8870184 0.9814124 0.9871402 1.4260024 0.7225746 1.0839427 0.9852449 1.0538628 1.1042733 0.9986960 0.8799264 0.8689051 0.9660884 1.0681894 0.9936284 1.0720082 0.9370791 0.9370255 1.1008336 0.9552004 0.7581903 0.1634711 0.7370554 0.0000000 1.1476213 1.0195453 1.0953057 0.9013362 0.7725871 1.1109958 1.0350684 1.1311305 1.0306802 1.3348815 1.3205389 1.1745927 1.0619724 0.9884659 0.7591360 0.1645750 1.2039677 0.6908024 0.8844331 1.1346946 1.0469262 0.9662816 1.0598986 0.9862056 1.0923221 0.9135814 1.0349783 0.7291944 1.1928460 1.1069054 1.0848085 1.3704448 0.9462239 1.0150754 1.0104477 1.0107579 0.9225706 0.6377445 0.5876451 1.0861900 0.6090486 1.0986730 0.7407677 1.1057697 1.3297491 1.1689551 1.0080746 1.3373044 1.0560381 0.5362658 1.0287759 0.8967686 0.9853341 0.8961420 0.8415846 0.6375969 0.6450026 0.7851458 1.0443660 0.6779481 0.9864866 0.8897821 1.3435068 1.0294785 1.0519470 1.0745952 0.6567410 1.0855688 1.0452164 0.8603857 0.8685940 0.9042998 1.0315640 0.9805974 0.8972109 0.9931760 0.7416817 1.1111334 0.9719001 0.9828579 0.9194895 0.9951979 0.8673225 0.9951979 0.8625917 0.6757261 1.3028290 1.0610139 1.1057697 1.1076826 1.0689780 1.0548296 1.1013852 1.1721405 1.0466413 1.0225644 1.0073477 0.7190701 1.0288542 1.1542784 0.9643057 0.9674270 0.9442278 0.9548875 
tr|I3M889|I3M889_ICTTR         1.1983552 1.2462734 1.0925401 1.2152934 1.1430353 1.3066071 1.8354236 1.1846259 1.3018631 1.3113209 1.2902027 0.1058040 1.1091684 1.2454737 1.2195510 1.2395183 0.1018657 1.2409543 1.2863211 1.1787851 1.2112169 1.4601705 1.2839254 1.2294129 1.1642005 1.2014029 1.1476213 0.0000000 1.3453123 0.0899722 1.2133006 1.1601571 0.0991213 1.2810200 0.1113442 1.2857111 1.4176241 1.4128098 1.5303411 0.0634789 1.2861168 1.2082687 1.0183822 1.2704518 1.1493369 1.0599874 1.4413278 1.3152487 1.5177966 1.3120436 1.2392460 0.1014530 1.0561478 1.1835070 1.1094090 1.4935423 0.0623618 1.3252895 1.4480010 1.2750740 1.2566216 1.2821398 1.2004153 1.1768929 1.1969002 1.0484577 1.2522400 1.1250306 1.2224164 1.2305407 0.1030398 1.3978062 1.4383605 1.3140003 1.4074229 1.2896982 1.0716044 1.1930268 1.1889489 1.1456675 1.1691951 0.9688462 0.9123108 0.8920035 0.9572210 1.0884141 0.9378210 1.1667349 1.0036042 1.5134239 1.2442107 1.3009981 1.1917319 1.1371605 1.1685025 1.2822611 1.2945922 1.1759745 1.2062332 1.2047541 1.3067921 1.1880826 1.1740130 1.2729888 1.2500871 1.0250204 1.1509975 1.1740663 1.1423467 1.2128640 1.1423467 1.2133432 1.2868412 1.4461298 1.3016078 0.1030398 0.1006307 1.3153662 1.3090892 0.1054875 0.0882833 1.2704916 1.2197844 1.2167378 1.1794040 1.2634667 0.1016962 1.2248768 1.2417964 1.2434168 1.2738765 
tr|I3NFM0|I3NFM0_ICTTR         0.9711083 1.1002827 0.9823613 0.4745295 1.1745708 0.2400070 0.5195156 1.0095202 0.2420756 0.2394237 0.2485752 1.2693717 0.2612068 0.4745867 0.5487612 0.9752902 1.2676404 0.2544372 0.2476321 0.3903231 0.2077246 0.3280247 0.2516153 1.0310526 1.0102029 1.0639388 1.0195453 1.3453123 0.0000000 1.3033536 0.1872335 1.0257179 1.2790490 0.1962889 1.3018803 0.2365275 1.2262159 1.2167334 0.3016447 1.2750282 0.1752119 1.0410006 0.8858383 1.2521111 0.9857538 0.2347088 0.4734593 1.1053887 0.9473600 0.2621767 0.2191739 1.2495374 0.9929539 1.0035572 0.7607706 0.3684165 1.2778092 0.3097250 1.2162711 0.2277706 0.3228534 0.2162417 1.1987695 0.5203933 1.0469455 1.0008433 1.1404081 0.8574490 1.0697776 1.0377784 1.2686534 1.2149377 0.3080191 0.1794657 1.2297086 0.2508716 0.9214640 1.1548674 0.5109961 1.1261041 0.4995836 0.9832536 0.3507818 0.3745582 0.8995525 1.1028293 0.3866284 1.1349353 0.9494313 1.2189434 0.3412883 0.2686960 1.0865840 0.9647416 1.0979600 1.0696118 0.7690709 0.1941285 0.5231988 1.1568948 0.2620163 0.4884645 1.1474880 1.0815964 1.1317474 0.9802616 1.1525979 0.5148322 1.1801282 0.5086915 1.1801282 0.5031252 1.1186208 1.2095118 0.2358003 1.2686534 1.2624427 0.2422382 0.2296986 1.2639166 1.3488279 0.2367238 0.2312746 0.2309197 1.0173691 0.2750786 1.2938987 0.2665103 0.2026401 0.2115368 0.2064640 
